"Time (s)","Heat Pipe TC-01","Heat Pipe TC-02","Heat Pipe TC-03","Heat Pipe TC-04","Heat Pipe TC-05","Heat Pipe TC-06","Heat Pipe TC-07","Heat Pipe TC-08","Heat Pipe TC-09","Heat Pipe TC-10"
19689.047,25.442944,26.089053,40.720677,82.274953,257.442802,560.238944,561.252696,562.197693,561.954059,459.059474
19690.047,25.442944,26.089053,40.720677,82.274953,257.442802,560.238944,561.252696,562.197693,561.954059,459.059474
19691.047,25.4424497165459,26.0870823002402,40.7223228947004,82.2884055196005,257.536422647284,560.326203877209,561.319994233373,562.266816495548,562.028847640093,459.190950215612
19692.047,25.4424497165459,26.0870823002402,40.7223228947004,82.2884055196005,257.536422647284,560.326203877209,561.319994233373,562.266816495548,562.028847640093,459.190950215612
19693.047,25.4424497165459,26.0870823002402,40.7223228947004,82.2884055196005,257.536422647284,560.326203877209,561.319994233373,562.266816495548,562.028847640093,459.190950215612
19694.047,25.4424497165459,26.0870823002402,40.7223228947004,82.2884055196005,257.536422647284,560.326203877209,561.319994233373,562.266816495548,562.028847640093,459.190950215612
19695.047,25.4424497165459,26.0870823002402,40.7223228947004,82.2884055196005,257.536422647284,560.326203877209,561.319994233373,562.266816495548,562.028847640093,459.190950215612
19696.047,25.4493364281487,26.092979324318,40.7260379078394,82.3016366438092,257.639885138251,560.412588964654,561.389434426874,562.337863141107,562.105356999158,459.315649101736
19697.047,25.4493364281487,26.092979324318,40.7260379078394,82.3016366438092,257.639885138251,560.412588964654,561.389434426874,562.337863141107,562.105356999158,459.315649101736
19698.047,25.4493364281487,26.092979324318,40.7260379078394,82.3016366438092,257.639885138251,560.412588964654,561.389434426874,562.337863141107,562.105356999158,459.315649101736
19699.047,25.4493364281487,26.092979324318,40.7260379078394,82.3016366438092,257.639885138251,560.412588964654,561.389434426874,562.337863141107,562.105356999158,459.315649101736
19700.047,25.4493364281487,26.092979324318,40.7260379078394,82.3016366438092,257.639885138251,560.412588964654,561.389434426874,562.337863141107,562.105356999158,459.315649101736
19701.047,25.4551724627148,26.0956011215726,40.732247697181,82.3142857685837,257.735938297313,560.503490774054,561.458481278702,562.409841428659,562.180349563013,459.445586412422
19702.047,25.4551724627148,26.0956011215726,40.732247697181,82.3142857685837,257.735938297313,560.503490774054,561.458481278702,562.409841428659,562.180349563013,459.445586412422
19703.047,25.4551724627148,26.0956011215726,40.732247697181,82.3142857685837,257.735938297313,560.503490774054,561.458481278702,562.409841428659,562.180349563013,459.445586412422
19704.047,25.4551724627148,26.0956011215726,40.732247697181,82.3142857685837,257.735938297313,560.503490774054,561.458481278702,562.409841428659,562.180349563013,459.445586412422
19705.047,25.4551724627148,26.0956011215726,40.732247697181,82.3142857685837,257.735938297313,560.503490774054,561.458481278702,562.409841428659,562.180349563013,459.445586412422
19706.047,25.4593232382896,26.0976296457656,40.7353481833706,82.3286969661115,257.838292321382,560.597312675935,561.529226997129,562.482619010335,562.255452004272,459.573320498782
19707.047,25.4593232382896,26.0976296457656,40.7353481833706,82.3286969661115,257.838292321382,560.597312675935,561.529226997129,562.482619010335,562.255452004272,459.573320498782
19708.047,25.4593232382896,26.0976296457656,40.7353481833706,82.3286969661115,257.838292321382,560.597312675935,561.529226997129,562.482619010335,562.255452004272,459.573320498782
19709.047,25.4593232382896,26.0976296457656,40.7353481833706,82.3286969661115,257.838292321382,560.597312675935,561.529226997129,562.482619010335,562.255452004272,459.573320498782
19710.047,25.4593232382896,26.0976296457656,40.7353481833706,82.3286969661115,257.838292321382,560.597312675935,561.529226997129,562.482619010335,562.255452004272,459.573320498782
19711.047,25.4648794642243,26.100549967945,40.7391926974775,82.3420597144112,257.934767028893,560.692784389713,561.599736541269,562.555980629518,562.329849344301,459.702726093247
19712.047,25.4648794642243,26.100549967945,40.7391926974775,82.3420597144112,257.934767028893,560.692784389713,561.599736541269,562.555980629518,562.329849344301,459.702726093247
19713.047,25.4648794642243,26.100549967945,40.7391926974775,82.3420597144112,257.934767028893,560.692784389713,561.599736541269,562.555980629518,562.329849344301,459.702726093247
19714.047,25.4648794642243,26.100549967945,40.7391926974775,82.3420597144112,257.934767028893,560.692784389713,561.599736541269,562.555980629518,562.329849344301,459.702726093247
19715.047,25.4648794642243,26.100549967945,40.7391926974775,82.3420597144112,257.934767028893,560.692784389713,561.599736541269,562.555980629518,562.329849344301,459.702726093247
19716.047,25.4703328163854,26.1025640011161,40.7427240421597,82.355259641765,258.036117269374,560.78990650784,561.671216818166,562.629848660635,562.403961037436,459.831667564857
19717.047,25.4703328163854,26.1025640011161,40.7427240421597,82.355259641765,258.036117269374,560.78990650784,561.671216818166,562.629848660635,562.403961037436,459.831667564857
19718.047,25.4703328163854,26.1025640011161,40.7427240421597,82.355259641765,258.036117269374,560.78990650784,561.671216818166,562.629848660635,562.403961037436,459.831667564857
19719.047,25.4703328163854,26.1025640011161,40.7427240421597,82.355259641765,258.036117269374,560.78990650784,561.671216818166,562.629848660635,562.403961037436,459.831667564857
19720.047,25.4703328163854,26.1025640011161,40.7427240421597,82.355259641765,258.036117269374,560.78990650784,561.671216818166,562.629848660635,562.403961037436,459.831667564857
19721.047,25.4753045892346,26.1043532542967,40.7456562511803,82.369420785906,258.134248019385,560.888935828185,561.742778649944,562.704175588398,562.47757823804,459.9611114751
19722.047,25.4753045892346,26.1043532542967,40.7456562511803,82.369420785906,258.134248019385,560.888935828185,561.742778649944,562.704175588398,562.47757823804,459.9611114751
19723.047,25.4753045892346,26.1043532542967,40.7456562511803,82.369420785906,258.134248019385,560.888935828185,561.742778649944,562.704175588398,562.47757823804,459.9611114751
19724.047,25.4753045892346,26.1043532542967,40.7456562511803,82.369420785906,258.134248019385,560.888935828185,561.742778649944,562.704175588398,562.47757823804,459.9611114751
19725.047,25.4753045892346,26.1043532542967,40.7456562511803,82.369420785906,258.134248019385,560.888935828185,561.742778649944,562.704175588398,562.47757823804,459.9611114751
19726.047,25.4807799218347,26.1062914436983,40.7486008847068,82.3830039997961,258.234517508141,560.989270419647,561.814933711051,562.778902408492,562.550814465182,460.09056121076
19727.047,25.4807799218347,26.1062914436983,40.7486008847068,82.3830039997961,258.234517508141,560.989270419647,561.814933711051,562.778902408492,562.550814465182,460.09056121076
19728.047,25.4807799218347,26.1062914436983,40.7486008847068,82.3830039997961,258.234517508141,560.989270419647,561.814933711051,562.778902408492,562.550814465182,460.09056121076
19729.047,25.4807799218347,26.1062914436983,40.7486008847068,82.3830039997961,258.234517508141,560.989270419647,561.814933711051,562.778902408492,562.550814465182,460.09056121076
19730.047,25.4807799218347,26.1062914436983,40.7486008847068,82.3830039997961,258.234517508141,560.989270419647,561.814933711051,562.778902408492,562.550814465182,460.09056121076
19731.047,25.4861261867716,26.1077387862149,40.7511464289798,82.3967579907104,258.333613526308,561.091116904009,561.887339874245,562.85403818596,562.623616348107,460.220210966209
19732.047,25.4861261867716,26.1077387862149,40.7511464289798,82.3967579907104,258.333613526308,561.091116904009,561.887339874245,562.85403818596,562.623616348107,460.220210966209
19733.047,25.4861261867716,26.1077387862149,40.7511464289798,82.3967579907104,258.333613526308,561.091116904009,561.887339874245,562.85403818596,562.623616348107,460.220210966209
19734.047,25.4861261867716,26.1077387862149,40.7511464289798,82.3967579907104,258.333613526308,561.091116904009,561.887339874245,562.85403818596,562.623616348107,460.220210966209
19735.047,25.4861261867716,26.1077387862149,40.7511464289798,82.3967579907104,258.333613526308,561.091116904009,561.887339874245,562.85403818596,562.623616348107,460.220210966209
19736.047,25.4914942535779,26.1091830198506,40.7535361126343,82.410747798386,258.433742645256,561.194341024546,561.960181972545,562.929545217214,562.696017446262,460.349963290549
19737.047,25.4914942535779,26.1091830198506,40.7535361126343,82.410747798386,258.433742645256,561.194341024546,561.960181972545,562.929545217214,562.696017446262,460.349963290549
19738.047,25.4914942535779,26.1091830198506,40.7535361126343,82.410747798386,258.433742645256,561.194341024546,561.960181972545,562.929545217214,562.696017446262,460.349963290549
19739.047,25.4914942535779,26.1091830198506,40.7535361126343,82.410747798386,258.433742645256,561.194341024546,561.960181972545,562.929545217214,562.696017446262,460.349963290549
19740.047,25.4914942535779,26.1091830198506,40.7535361126343,82.410747798386,258.433742645256,561.194341024546,561.960181972545,562.929545217214,562.696017446262,460.349963290549
19741.047,25.4969467171739,26.1104712083724,40.7557291106593,82.4246657585872,258.533284343987,561.29885722698,562.033347029492,563.005439541063,562.768005613661,460.479852649776
19742.047,25.4969467171739,26.1104712083724,40.7557291106593,82.4246657585872,258.533284343987,561.29885722698,562.033347029492,563.005439541063,562.768005613661,460.479852649776
19743.047,25.4969467171739,26.1104712083724,40.7557291106593,82.4246657585872,258.533284343987,561.29885722698,562.033347029492,563.005439541063,562.768005613661,460.479852649776
19744.047,25.4969467171739,26.1104712083724,40.7557291106593,82.4246657585872,258.533284343987,561.29885722698,562.033347029492,563.005439541063,562.768005613661,460.479852649776
19745.047,25.4969467171739,26.1104712083724,40.7557291106593,82.4246657585872,258.533284343987,561.29885722698,562.033347029492,563.005439541063,562.768005613661,460.479852649776
19746.047,25.5024189589388,26.1115940046402,40.7577049683132,82.438659981337,258.633421343459,561.404629057371,562.106891351813,563.081700860068,562.83959274301,460.609858278457
19747.047,25.5024189589388,26.1115940046402,40.7577049683132,82.438659981337,258.633421343459,561.404629057371,562.106891351813,563.081700860068,562.83959274301,460.609858278457
19748.047,25.5024189589388,26.1115940046402,40.7577049683132,82.438659981337,258.633421343459,561.404629057371,562.106891351813,563.081700860068,562.83959274301,460.609858278457
19749.047,25.5024189589388,26.1115940046402,40.7577049683132,82.438659981337,258.633421343459,561.404629057371,562.106891351813,563.081700860068,562.83959274301,460.609858278457
19750.047,25.5024189589388,26.1115940046402,40.7577049683132,82.438659981337,258.633421343459,561.404629057371,562.106891351813,563.081700860068,562.83959274301,460.609858278457
19751.047,25.5079257918185,26.1126373734606,40.7595435198748,82.4527769779014,258.733393459949,561.511606769415,562.180785740667,563.158341060355,562.910777881702,460.739990627642
19752.047,25.5079257918185,26.1126373734606,40.7595435198748,82.4527769779014,258.733393459949,561.511606769415,562.180785740667,563.158341060355,562.910777881702,460.739990627642
19753.047,25.5079257918185,26.1126373734606,40.7595435198748,82.4527769779014,258.733393459949,561.511606769415,562.180785740667,563.158341060355,562.910777881702,460.739990627642
19754.047,25.5079257918185,26.1126373734606,40.7595435198748,82.4527769779014,258.733393459949,561.511606769415,562.180785740667,563.158341060355,562.910777881702,460.739990627642
19755.047,25.5079257918185,26.1126373734606,40.7595435198748,82.4527769779014,258.733393459949,561.511606769415,562.180785740667,563.158341060355,562.910777881702,460.739990627642
19756.047,25.5134767728445,26.1135667783001,40.7612162795852,82.4669114140508,258.833613842552,561.619718922385,562.255042886754,563.235350721579,562.981566840583,460.870240578665
19757.047,25.5134767728445,26.1135667783001,40.7612162795852,82.4669114140508,258.833613842552,561.619718922385,562.255042886754,563.235350721579,562.981566840583,460.870240578665
19758.047,25.5134767728445,26.1135667783001,40.7612162795852,82.4669114140508,258.833613842552,561.619718922385,562.255042886754,563.235350721579,562.981566840583,460.870240578665
19759.047,25.5134767728445,26.1135667783001,40.7612162795852,82.4669114140508,258.833613842552,561.619718922385,562.255042886754,563.235350721579,562.981566840583,460.870240578665
19760.047,25.5134767728445,26.1135667783001,40.7612162795852,82.4669114140508,258.833613842552,561.619718922385,562.255042886754,563.235350721579,562.981566840583,460.870240578665
19761.047,25.5190579812897,26.1143990381722,40.762743942205,82.481132322199,258.933875727334,561.728927779582,562.329659993646,563.312737183586,563.051961724017,461.000615429241
19762.047,25.5190579812897,26.1143990381722,40.762743942205,82.481132322199,258.933875727334,561.728927779582,562.329659993646,563.312737183586,563.051961724017,461.000615429241
19763.047,25.5190579812897,26.1143990381722,40.762743942205,82.481132322199,258.933875727334,561.728927779582,562.329659993646,563.312737183586,563.051961724017,461.000615429241
19764.047,25.5190579812897,26.1143990381722,40.762743942205,82.481132322199,258.933875727334,561.728927779582,562.329659993646,563.312737183586,563.051961724017,461.000615429241
19765.047,25.5190579812897,26.1143990381722,40.762743942205,82.481132322199,258.933875727334,561.728927779582,562.329659993646,563.312737183586,563.051961724017,461.000615429241
19766.047,25.5246829798194,26.1151570363437,40.764151862368,82.4954195140724,259.034301153718,561.839178643621,562.404637757663,563.390496961,563.121966545037,461.131108899533
19767.047,25.5246829798194,26.1151570363437,40.764151862368,82.4954195140724,259.034301153718,561.839178643621,562.404637757663,563.390496961,563.121966545037,461.131108899533
19768.047,25.5246829798194,26.1151570363437,40.764151862368,82.4954195140724,259.034301153718,561.839178643621,562.404637757663,563.390496961,563.121966545037,461.131108899533
19769.047,25.5246829798194,26.1151570363437,40.764151862368,82.4954195140724,259.034301153718,561.839178643621,562.404637757663,563.390496961,563.121966545037,461.131108899533
19770.047,25.5246829798194,26.1151570363437,40.764151862368,82.4954195140724,259.034301153718,561.839178643621,562.404637757663,563.390496961,563.121966545037,461.131108899533
19771.047,25.5303407152649,26.1158342628883,40.7654353956543,82.5097718597685,259.134794416472,561.950421938122,562.47997976221,563.468634495737,563.191584206339,461.261726253464
19772.047,25.5303407152649,26.1158342628883,40.7654353956543,82.5097718597685,259.134794416472,561.950421938122,562.47997976221,563.468634495737,563.191584206339,461.261726253464
19773.047,25.5303407152649,26.1158342628883,40.7654353956543,82.5097718597685,259.134794416472,561.950421938122,562.47997976221,563.468634495737,563.191584206339,461.261726253464
19774.047,25.5303407152649,26.1158342628883,40.7654353956543,82.5097718597685,259.134794416472,561.950421938122,562.47997976221,563.468634495737,563.191584206339,461.261726253464
19775.047,25.5303407152649,26.1158342628883,40.7654353956543,82.5097718597685,259.134794416472,561.950421938122,562.47997976221,563.468634495737,563.191584206339,461.261726253464
19776.047,25.5360364158623,26.1164456963244,40.7666119743171,82.5241927522866,259.235428270133,562.062612486978,562.555684870663,563.547149247506,563.260818131009,461.392463487037
19777.047,25.5360364158623,26.1164456963244,40.7666119743171,82.5241927522866,259.235428270133,562.062612486978,562.555684870663,563.547149247506,563.260818131009,461.392463487037
19778.047,25.5360364158623,26.1164456963244,40.7666119743171,82.5241927522866,259.235428270133,562.062612486978,562.555684870663,563.547149247506,563.260818131009,461.392463487037
19779.047,25.5360364158623,26.1164456963244,40.7666119743171,82.5241927522866,259.235428270133,562.062612486978,562.555684870663,563.547149247506,563.260818131009,461.392463487037
19780.047,25.5360364158623,26.1164456963244,40.7666119743171,82.5241927522866,259.235428270133,562.062612486978,562.555684870663,563.547149247506,563.260818131009,461.392463487037
19781.047,25.5417715682038,26.1169970837361,40.76769085995,82.5386832598875,259.336160013213,562.175703963991,562.631757120966,563.626044143586,563.329671382206,461.523323791723
19782.047,25.5417715682038,26.1169970837361,40.76769085995,82.5386832598875,259.336160013213,562.175703963991,562.631757120966,563.626044143586,563.329671382206,461.523323791723
19783.047,25.5417715682038,26.1169970837361,40.76769085995,82.5386832598875,259.336160013213,562.175703963991,562.631757120966,563.626044143586,563.329671382206,461.523323791723
19784.047,25.5417715682038,26.1169970837361,40.76769085995,82.5386832598875,259.336160013213,562.175703963991,562.631757120966,563.626044143586,563.329671382206,461.523323791723
19785.047,25.5417715682038,26.1169970837361,40.76769085995,82.5386832598875,259.336160013213,562.175703963991,562.631757120966,563.626044143586,563.329671382206,461.523323791723
19786.047,25.5475424782082,26.1174926079263,40.7686773926125,82.5532405864466,259.437004025582,562.289651434287,562.708196070075,563.705320003362,563.398147142092,461.654305001132
19787.047,25.5475424782082,26.1174926079263,40.7686773926125,82.5532405864466,259.437004025582,562.289651434287,562.708196070075,563.705320003362,563.398147142092,461.654305001132
19788.047,25.5475424782082,26.1174926079263,40.7686773926125,82.5532405864466,259.437004025582,562.289651434287,562.708196070075,563.705320003362,563.398147142092,461.654305001132
19789.047,25.5475424782082,26.1174926079263,40.7686773926125,82.5532405864466,259.437004025582,562.289651434287,562.708196070075,563.705320003362,563.398147142092,461.654305001132
19790.047,25.5475424782082,26.1174926079263,40.7686773926125,82.5532405864466,259.437004025582,562.289651434287,562.708196070075,563.705320003362,563.398147142092,461.654305001132
19791.047,25.5533513847473,26.1179394751053,40.7695814454649,82.5678686810534,259.537959726898,562.404412603688,562.785004987657,563.78497905615,563.466248453442,461.785408786715
19792.047,25.5533513847473,26.1179394751053,40.7695814454649,82.5678686810534,259.537959726898,562.404412603688,562.785004987657,563.78497905615,563.466248453442,461.785408786715
19793.047,25.5533513847473,26.1179394751053,40.7695814454649,82.5678686810534,259.537959726898,562.404412603688,562.785004987657,563.78497905615,563.466248453442,461.785408786715
19794.047,25.5533513847473,26.1179394751053,40.7695814454649,82.5678686810534,259.537959726898,562.404412603688,562.785004987657,563.78497905615,563.466248453442,461.785408786715
19795.047,25.5533513847473,26.1179394751053,40.7695814454649,82.5678686810534,259.537959726898,562.404412603688,562.785004987657,563.78497905615,563.466248453442,461.785408786715
19796.047,25.5591992676692,26.1183418891836,40.7704094831349,82.5825647267633,259.63902525223,562.519945249171,562.862184339766,563.865022713719,563.533978361832,461.916634152767
19797.047,25.5591992676692,26.1183418891836,40.7704094831349,82.5825647267633,259.63902525223,562.519945249171,562.862184339766,563.865022713719,563.533978361832,461.916634152767
19798.047,25.5591992676692,26.1183418891836,40.7704094831349,82.5825647267633,259.63902525223,562.519945249171,562.862184339766,563.865022713719,563.533978361832,461.916634152767
19799.047,25.5591992676692,26.1183418891836,40.7704094831349,82.5825647267633,259.63902525223,562.519945249171,562.862184339766,563.865022713719,563.533978361832,461.916634152767
19800.047,25.5591992676692,26.1183418891836,40.7704094831349,82.5825647267633,259.63902525223,562.519945249171,562.862184339766,563.865022713719,563.533978361832,461.916634152767
19801.047,25.5650843478124,26.1187041325572,40.7711674743916,82.597331213197,259.740199156623,562.636208838447,562.939736695654,563.945452918877,563.601339839827,462.04798188957
19802.047,25.5650843478124,26.1187041325572,40.7711674743916,82.597331213197,259.740199156623,562.636208838447,562.939736695654,563.945452918877,563.601339839827,462.04798188957
19803.047,25.5650843478124,26.1187041325572,40.7711674743916,82.597331213197,259.740199156623,562.636208838447,562.939736695654,563.945452918877,563.601339839827,462.04798188957
19804.047,25.5650843478124,26.1187041325572,40.7711674743916,82.597331213197,259.740199156623,562.636208838447,562.939736695654,563.945452918877,563.601339839827,462.04798188957
19805.047,25.5650843478124,26.1187041325572,40.7711674743916,82.597331213197,259.740199156623,562.636208838447,562.939736695654,563.945452918877,563.601339839827,462.04798188957
19806.047,25.5710080938924,26.1190305600895,40.7718618318117,82.6121673867495,259.841483711774,562.753164121765,563.017663146996,564.026271331038,563.668335829883,462.179451622606
19807.047,25.5710080938924,26.1190305600895,40.7718618318117,82.6121673867495,259.841483711774,562.753164121765,563.017663146996,564.026271331038,563.668335829883,462.179451622606
19808.047,25.5710080938924,26.1190305600895,40.7718618318117,82.6121673867495,259.841483711774,562.753164121765,563.017663146996,564.026271331038,563.668335829883,462.179451622606
19809.047,25.5710080938924,26.1190305600895,40.7718618318117,82.6121673867495,259.841483711774,562.753164121765,563.017663146996,564.026271331038,563.668335829883,462.179451622606
19810.047,25.5710080938924,26.1190305600895,40.7718618318117,82.6121673867495,259.841483711774,562.753164121765,563.017663146996,564.026271331038,563.668335829883,462.179451622606
19811.047,25.5769705929379,26.1193244736527,40.7724976746167,82.6270739280812,259.942877374545,562.870772804925,563.095965837171,564.107479793019,563.734969222482,462.311043709506
19812.047,25.5769705929379,26.1193244736527,40.7724976746167,82.6270739280812,259.942877374545,562.870772804925,563.095965837171,564.107479793019,563.734969222482,462.311043709506
19813.047,25.5769705929379,26.1193244736527,40.7724976746167,82.6270739280812,259.942877374545,562.870772804925,563.095965837171,564.107479793019,563.734969222482,462.311043709505
19814.047,25.5769705929379,26.1193244736527,40.7724976746167,82.6270739280812,259.942877374545,562.870772804925,563.095965837171,564.107479793019,563.734969222482,462.311043709505
19815.047,25.5769705929379,26.1193244736527,40.7724976746167,82.6270739280812,259.942877374545,562.870772804925,563.095965837171,564.107479793019,563.734969222482,462.311043709505
19816.047,25.5829716232825,26.1195891839595,40.7730799360251,82.6420510546843,260.044379308266,562.988997831488,563.174646212012,564.189080067319,563.801242869571,462.442758061346
19817.047,25.5829716232825,26.1195891839595,40.7730799360251,82.6420510546843,260.044379308266,562.988997831488,563.174646212012,564.189080067319,563.801242869571,462.442758061346
19818.047,25.5829716232825,26.1195891839595,40.7730799360251,82.6420510546843,260.044379308266,562.988997831488,563.174646212012,564.189080067319,563.801242869571,462.442758061346
19819.047,25.5829716232825,26.1195891839595,40.7730799360251,82.6420510546843,260.044379308266,562.988997831488,563.174646212012,564.189080067319,563.801242869571,462.442758061346
19820.047,25.5829716232825,26.1195891839595,40.7730799360251,82.6420510546843,260.044379308266,562.988997831488,563.174646212012,564.189080067319,563.801242869571,462.442758061346
19821.047,25.5890116814126,26.1198276198775,40.7736132023857,82.6570992923499,260.145990692385,563.107803268015,563.253706200416,564.271073974103,563.867159578687,462.574594850724
19822.047,25.5890116814126,26.1198276198775,40.7736132023857,82.6570992923499,260.145990692385,563.107803268015,563.253706200416,564.271073974103,563.867159578687,462.574594850724
19823.047,25.5890116814126,26.1198276198775,40.7736132023857,82.6570992923499,260.145990692384,563.107803268015,563.253706200416,564.271073974103,563.867159578687,462.574594850724
19824.047,25.5890116814126,26.1198276198775,40.7736132023857,82.6570992923499,260.145990692384,563.107803268015,563.253706200416,564.271073974103,563.867159578687,462.574594850724
19825.047,25.5890116814126,26.1198276198775,40.7736132023857,82.6570992923499,260.145990692384,563.107803268015,563.253706200416,564.271073974103,563.867159578687,462.574594850724
19826.047,25.5950909948534,26.120042341879,40.7741015442577,82.6722186875442,260.24771023279,563.227154190155,563.333147431486,564.353463322596,563.932722117596,462.706554104161
19827.047,25.5950909948534,26.120042341879,40.7741015442577,82.6722186875442,260.24771023279,563.227154190155,563.333147431486,564.353463322596,563.932722117596,462.706554104161
19828.047,25.5950909948534,26.120042341879,40.7741015442577,82.6722186875442,260.24771023279,563.227154190155,563.333147431486,564.353463322596,563.932722117596,462.706554104161
19829.047,25.5950909948534,26.120042341879,40.7741015442577,82.6722186875442,260.24771023279,563.227154190155,563.333147431486,564.353463322596,563.932722117596,462.706554104161
19830.047,25.5950909948534,26.120042341879,40.7741015442577,82.6722186875442,260.24771023279,563.227154190155,563.333147431486,564.353463322596,563.932722117596,462.706554104161
19831.047,25.601209617481,26.1202357361032,40.7745487614648,82.6874098552072,260.349538028699,563.347016760211,563.412971742569,564.436249939588,563.997933213155,462.83863592551
19832.047,25.601209617481,26.1202357361032,40.7745487614648,82.6874098552072,260.349538028699,563.347016760211,563.412971742569,564.436249939588,563.997933213155,462.83863592551
19833.047,25.601209617481,26.1202357361032,40.7745487614648,82.6874098552072,260.349538028699,563.347016760211,563.412971742569,564.436249939588,563.997933213155,462.83863592551
19834.047,25.601209617481,26.1202357361032,40.7745487614648,82.6874098552072,260.349538028699,563.347016760211,563.412971742569,564.436249939588,563.997933213155,462.83863592551
19835.047,25.601209617481,26.1202357361032,40.7745487614648,82.6874098552072,260.349538028699,563.347016760211,563.412971742569,564.436249939588,563.997933213155,462.83863592551
19836.047,25.6073678682331,26.1204099166255,40.774958322778,82.7026729509317,260.451473912077,563.46735814555,563.493180855344,564.51943566093,564.062795553295,462.970840382027
19837.047,25.6073678682331,26.1204099166255,40.774958322778,82.7026729509317,260.451473912077,563.46735814555,563.493180855344,564.51943566093,564.062795553295,462.970840382027
19838.047,25.6073678682331,26.1204099166255,40.774958322778,82.7026729509317,260.451473912077,563.46735814555,563.493180855344,564.51943566093,564.062795553295,462.970840382027
19839.047,25.6073678682331,26.1204099166255,40.774958322778,82.7026729509317,260.451473912077,563.46735814555,563.493180855344,564.51943566093,564.062795553295,462.970840382027
19840.047,25.6073678682331,26.1204099166255,40.774958322778,82.7026729509317,260.451473912077,563.46735814555,563.493180855344,564.51943566093,564.062795553295,462.970840382027
19841.047,25.6135659406743,26.1205667852721,40.775333389542,82.7180084084172,260.553517619788,563.588146490486,563.573776577844,564.603022329943,564.127311787262,463.103167556444
19842.047,25.6135659406743,26.1205667852721,40.775333389542,82.7180084084172,260.553517619788,563.588146490486,563.573776577844,564.603022329943,564.127311787262,463.103167556444
19843.047,25.6135659406743,26.1205667852721,40.775333389542,82.7180084084172,260.553517619788,563.588146490486,563.573776577844,564.603022329943,564.127311787262,463.103167556444
19844.047,25.6135659406743,26.1205667852721,40.775333389542,82.7180084084172,260.553517619788,563.588146490486,563.573776577844,564.603022329943,564.127311787262,463.103167556444
19845.047,25.6135659406743,26.1205667852721,40.775333389542,82.7180084084172,260.553517619788,563.588146490486,563.573776577844,564.603022329943,564.127311787262,463.103167556444
19846.047,25.619804030862,26.1207080702399,40.7756768727394,82.7334165267856,260.655668799304,563.709350908472,563.654760681088,564.687011802839,564.191484526784,463.235617528129
19847.047,25.619804030862,26.1207080702399,40.7756768727394,82.7334165267856,260.655668799304,563.709350908472,563.654760681088,564.687011802839,564.191484526784,463.235617528129
19848.047,25.619804030862,26.1207080702399,40.7756768727394,82.7334165267856,260.655668799304,563.709350908472,563.654760681088,564.687011802839,564.191484526784,463.235617528129
19849.047,25.619804030862,26.1207080702399,40.7756768727394,82.7334165267856,260.655668799304,563.709350908472,563.654760681088,564.687011802839,564.191484526784,463.235617528129
19850.047,25.619804030862,26.1207080702399,40.7756768727394,82.7334165267856,260.655668799304,563.709350908472,563.654760681088,564.687011802839,564.191484526784,463.235617528129
19851.047,25.62608236553,26.120835315996,40.7759914301546,82.7488976805495,260.757927428849,563.830941442197,563.736134972468,564.771405942295,564.255316346696,463.368190375574
19852.047,25.62608236553,26.120835315996,40.7759914301546,82.7488976805495,260.757927428849,563.830941442197,563.736134972468,564.771405942295,564.255316346696,463.368190375574
19853.047,25.62608236553,26.120835315996,40.7759914301546,82.7488976805495,260.757927428849,563.830941442197,563.736134972468,564.771405942295,564.255316346696,463.368190375574
19854.047,25.62608236553,26.120835315996,40.7759914301546,82.7488976805495,260.757927428849,563.830941442197,563.736134972468,564.771405942295,564.255316346696,463.368190375574
19855.047,25.62608236553,26.120835315996,40.7759914301546,82.7488976805495,260.757927428849,563.830941442197,563.736134972468,564.771405942295,564.255316346696,463.368190375574
19856.047,25.6324011657686,26.1209499178102,40.7762794973773,82.7644521867883,260.860293158333,563.952889039415,563.817901253413,564.856206623419,564.318809785831,463.500886180934
19857.047,25.6324011657686,26.1209499178102,40.7762794973773,82.7644521867883,260.860293158333,563.952889039415,563.817901253413,564.856206623419,564.318809785831,463.500886180934
19858.047,25.6324011657686,26.1209499178102,40.7762794973773,82.7644521867883,260.860293158333,563.952889039415,563.817901253413,564.856206623419,564.318809785831,463.500886180934
19859.047,25.6324011657686,26.1209499178102,40.7762794973773,82.7644521867883,260.860293158333,563.952889039415,563.817901253413,564.856206623419,564.318809785831,463.500886180934
19860.047,25.6324011657686,26.1209499178102,40.7762794973773,82.7644521867883,260.860293158333,563.952889039415,563.817901253413,564.856206623419,564.318809785831,463.500886180934
19861.047,25.6387606434316,26.1210531332123,40.7765433061799,82.780080419698,260.962765810695,564.075165532458,563.900061342913,564.941415728801,564.381967347738,463.633705023348
19862.047,25.6387606434316,26.1210531332123,40.7765433061799,82.780080419698,260.962765810695,564.075165532458,563.900061342913,564.941415728801,564.381967347738,463.633705023348
19863.047,25.6387606434316,26.1210531332123,40.7765433061799,82.780080419698,260.962765810695,564.075165532458,563.900061342913,564.941415728801,564.381967347738,463.633705023348
19864.047,25.6387606434316,26.1210531332123,40.7765433061799,82.780080419698,260.962765810695,564.075165532458,563.900061342913,564.941415728801,564.381967347738,463.633705023348
19865.047,25.6387606434316,26.1210531332123,40.7765433061799,82.780080419698,260.962765810695,564.075165532458,563.900061342913,564.941415728801,564.381967347738,463.633705023348
19866.047,25.6451610215403,26.1211460925118,40.7767848986794,82.7957827079695,261.065345192927,564.197743609539,563.982617065194,565.027035152423,564.444791501459,463.766646985445
19867.047,25.6451610215403,26.1211460925118,40.7767848986794,82.7957827079695,261.065345192927,564.197743609539,563.982617065194,565.027035152423,564.444791501459,463.766646985445
19868.047,25.6451610215403,26.1211460925118,40.7767848986794,82.7957827079695,261.065345192927,564.197743609539,563.982617065194,565.027035152423,564.444791501459,463.766646985445
19869.047,25.6451610215403,26.1211460925118,40.7767848986794,82.7957827079695,261.065345192927,564.197743609539,563.982617065194,565.027035152423,564.444791501459,463.766646985445
19870.047,25.6451610215403,26.1211460925118,40.7767848986794,82.7957827079695,261.065345192927,564.197743609539,563.982617065194,565.027035152423,564.444791501459,463.766646985445
19871.047,25.6516025212713,26.1212298151979,40.7770061460696,82.8115594167413,261.168031086495,564.320596792557,564.065570255714,565.113066796788,564.507284682253,463.899712147909
19872.047,25.6516025212713,26.1212298151979,40.7770061460696,82.8115594167413,261.168031086495,564.320596792557,564.065570255714,565.113066796788,564.507284682253,463.899712147909
19873.047,25.6516025212713,26.1212298151979,40.7770061460696,82.8115594167413,261.168031086495,564.320596792557,564.065570255714,565.113066796788,564.507284682253,463.899712147909
19874.047,25.6516025212713,26.1212298151979,40.7770061460696,82.8115594167413,261.168031086495,564.320596792557,564.065570255714,565.113066796788,564.507284682253,463.899712147909
19875.047,25.6516025212713,26.1212298151979,40.7770061460696,82.8115594167413,261.168031086495,564.320596792557,564.065570255714,565.113066796788,564.507284682253,463.899712147909
19876.047,25.6580853662496,26.1213052191057,40.7772087617115,82.8274108896021,261.270823278902,564.443699414534,564.148922758741,565.199512575048,564.569449292318,464.032900593624
19877.047,25.6580853662496,26.1213052191057,40.7772087617115,82.8274108896021,261.270823278902,564.443699414534,564.148922758741,565.199512575048,564.569449292318,464.032900593624
19878.047,25.6580853662496,26.1213052191057,40.7772087617115,82.8274108896021,261.270823278902,564.443699414534,564.148922758741,565.199512575048,564.569449292318,464.032900593624
19879.047,25.6580853662496,26.1213052191057,40.7772087617115,82.8274108896021,261.270823278902,564.443699414534,564.148922758741,565.199512575048,564.569449292318,464.032900593624
19880.047,25.6580853662496,26.1213052191057,40.7772087617115,82.8274108896021,261.270823278902,564.443699414534,564.148922758741,565.199512575048,564.569449292318,464.032900593624
19881.047,25.6646097792276,26.1213731305977,40.7773943144576,82.8433374867287,261.373721590441,564.567026596204,564.232676428022,565.286374409566,564.631287701484,464.166212404689
19882.047,25.6646097792276,26.1213731305977,40.7773943144576,82.8433374867287,261.373721590441,564.567026596204,564.232676428022,565.286374409566,564.631287701484,464.166212404689
19883.047,25.6646097792276,26.1213731305977,40.7773943144576,82.8433374867287,261.373721590441,564.567026596204,564.232676428022,565.286374409566,564.631287701484,464.166212404689
19884.047,25.6646097792276,26.1213731305977,40.7773943144576,82.8433374867287,261.373721590441,564.567026596204,564.232676428022,565.286374409566,564.631287701484,464.166212404689
19885.047,25.6646097792276,26.1213731305977,40.7773943144576,82.8433374867287,261.373721590441,564.567026596204,564.232676428022,565.286374409566,564.631287701484,464.166212404689
19886.047,25.6711759869263,26.121434294289,40.7775642413623,82.8593395601321,261.47672581177,564.69055422467,564.316833127043,565.373654232967,564.692802247898,464.299647664452
19887.047,25.6711759869263,26.121434294289,40.7775642413623,82.8593395601321,261.47672581177,564.69055422467,564.316833127043,565.373654232967,564.692802247898,464.299647664452
19888.047,25.6711759869263,26.121434294289,40.7775642413623,82.8593395601321,261.47672581177,564.69055422467,564.316833127043,565.373654232967,564.692802247898,464.299647664452
19889.047,25.6711759869263,26.121434294289,40.7775642413623,82.8593395601321,261.47672581177,564.69055422467,564.316833127043,565.373654232967,564.692802247898,464.299647664452
19890.047,25.6711759869263,26.121434294289,40.7775642413623,82.8593395601321,261.47672581177,564.69055422467,564.316833127043,565.373654232967,564.692802247898,464.299647664452
19891.047,25.6777842163564,26.1214893806113,40.7777198582677,82.8754174704778,261.579835751321,564.814258932193,564.401394728508,565.461353987491,564.753995238689,464.433206456172
19892.047,25.6777842163564,26.1214893806113,40.7777198582677,82.8754174704778,261.579835751321,564.814258932193,564.401394728508,565.461353987491,564.753995238689,464.433206456172
19893.047,25.6777842163564,26.1214893806113,40.7777198582677,82.8754174704778,261.579835751321,564.814258932193,564.401394728508,565.461353987491,564.753995238689,464.433206456172
19894.047,25.6777842163564,26.1214893806113,40.7777198582677,82.8754174704778,261.579835751321,564.814258932193,564.401394728508,565.461353987491,564.753995238689,464.433206456172
19895.047,25.6777842163564,26.1214893806113,40.7777198582677,82.8754174704778,261.579835751321,564.814258932193,564.401394728508,565.461353987491,564.753995238689,464.433206456172
19896.047,25.6844346955777,26.1215389934083,40.7778623702423,82.8915715748468,261.683051223092,564.938118075292,564.486363114995,565.549475625481,564.814868950618,464.566888863855
19897.047,25.6844346955777,26.1215389934083,40.7778623702423,82.8915715748468,261.683051223092,564.938118075292,564.486363114995,565.549475625481,564.814868950618,464.566888863855
19898.047,25.6844346955777,26.1215389934083,40.7778623702423,82.8915715748468,261.683051223092,564.938118075292,564.486363114995,565.549475625481,564.814868950618,464.566888863855
19899.047,25.6844346955777,26.1215389934083,40.7778623702423,82.8915715748468,261.683051223092,564.938118075292,564.486363114995,565.549475625481,564.814868950618,464.566888863855
19900.047,25.6844346955777,26.1215389934083,40.7778623702423,82.8915715748468,261.683051223092,564.938118075292,564.486363114995,565.549475625481,564.814868950618,464.566888863855
19901.047,25.6911276546235,26.121583676574,40.7779928809199,82.9078022361248,261.78637203712,565.062109714814,564.571740178431,565.638021109133,564.875425630708,464.700694971739
19902.047,25.6911276546235,26.121583676574,40.7779928809199,82.9078022361248,261.78637203712,565.062109714814,564.571740178431,565.638021109133,564.875425630708,464.700694971739
19903.047,25.6911276546235,26.121583676574,40.7779928809199,82.9078022361248,261.78637203712,565.062109714814,564.571740178431,565.638021109133,564.875425630708,464.700694971739
19904.047,25.6911276546235,26.121583676574,40.7779928809199,82.9078022361248,261.78637203712,565.062109714814,564.571740178431,565.638021109133,564.875425630708,464.700694971739
19905.047,25.6911276546235,26.121583676574,40.7779928809199,82.9078022361248,261.78637203712,565.062109714814,564.571740178431,565.638021109133,564.875425630708,464.700694971739
19906.047,25.6978633249958,26.1216239199094,40.7781124009411,82.9241098158078,261.889798009076,565.186212596341,564.657527820593,565.726992410715,564.935667496866,464.834624864589
19907.047,25.6978633249958,26.1216239199094,40.7781124009411,82.9241098158078,261.889798009076,565.186212596341,564.657527820593,565.726992410715,564.935667496866,464.834624864589
19908.047,25.6978633249958,26.1216239199094,40.7781124009411,82.9241098158078,261.889798009076,565.186212596341,564.657527820593,565.726992410715,564.935667496866,464.834624864589
19909.047,25.6978633249958,26.1216239199094,40.7781124009411,82.9241098158078,261.889798009076,565.186212596341,564.657527820593,565.726992410715,564.935667496866,464.834624864589
19910.047,25.6978633249958,26.1216239199094,40.7781124009411,82.9241098158078,261.889798009076,565.186212596341,564.657527820593,565.726992410715,564.935667496866,464.834624864589
19911.047,25.7046419391087,26.1216601645702,40.7782218558616,82.9404946793279,261.993328959905,565.310406131131,564.743727952786,565.816391512494,564.995596738483,464.968678627529
19912.047,25.7046419391087,26.1216601645702,40.7782218558616,82.9404946793279,261.993328959905,565.310406131131,564.743727952786,565.816391512494,564.995596738483,464.968678627529
19913.047,25.7046419391087,26.1216601645702,40.7782218558616,82.9404946793279,261.993328959905,565.310406131131,564.743727952786,565.816391512494,564.995596738483,464.968678627529
19914.047,25.7046419391087,26.1216601645702,40.7782218558616,82.9404946793279,261.993328959905,565.310406131131,564.743727952786,565.816391512494,564.995596738483,464.968678627529
19915.047,25.7046419391087,26.1216601645702,40.7782218558616,82.9404946793279,261.993328959905,565.310406131131,564.743727952786,565.816391512494,564.995596738483,464.968678627529
19916.047,25.7114637312509,26.1216928078783,40.7783220932958,82.9569571923363,262.09696471031,565.434670377654,564.830342496148,565.906220406847,565.055215517024,465.102856346121
19917.047,25.7114637312509,26.1216928078783,40.7783220932958,82.9569571923363,262.09696471031,565.434670377654,564.830342496148,565.906220406847,565.055215517024,465.102856346121
19918.047,25.7114637312509,26.1216928078783,40.7783220932958,82.9569571923363,262.09696471031,565.434670377654,564.830342496148,565.906220406847,565.055215517024,465.102856346121
19919.047,25.7114637312509,26.1216928078783,40.7783220932958,82.9569571923363,262.09696471031,565.434670377654,564.830342496148,565.906220406847,565.055215517024,465.102856346121
19920.047,25.7114637312509,26.1216928078783,40.7783220932958,82.9569571923363,262.09696471031,565.434670377654,564.830342496148,565.906220406847,565.055215517024,465.102856346121
19921.047,25.7183289370271,26.1217222076679,40.778413889467,82.9734977232371,262.200705085159,565.558986023581,564.917373381496,565.996481096253,565.114525966604,465.237158106324
19922.047,25.7183289370271,26.1217222076679,40.778413889467,82.9734977232371,262.200705085159,565.558986023581,564.917373381496,565.996481096253,565.114525966604,465.237158106324
19923.047,25.7183289370271,26.1217222076679,40.778413889467,82.9734977232371,262.200705085159,565.558986023581,564.917373381496,565.996481096253,565.114525966604,465.237158106323
19924.047,25.7183289370271,26.1217222076679,40.778413889467,82.9734977232371,262.200705085159,565.558986023581,564.917373381496,565.996481096253,565.114525966604,465.237158106323
19925.047,25.7183289370271,26.1217222076679,40.778413889467,82.9734977232371,262.200705085159,565.558986023581,564.917373381496,565.996481096253,565.114525966604,465.237158106323
19926.047,25.725237793412,26.1217486862251,40.778497955239,82.9901166414652,262.304549912917,565.683334368263,565.004822549499,566.087175593364,565.173530194544,465.371583994501
19927.047,25.725237793412,26.1217486862251,40.778497955239,82.9901166414652,262.304549912917,565.683334368263,565.004822549499,566.087175593364,565.173530194544,465.371583994501
19928.047,25.725237793412,26.1217486862251,40.778497955239,82.9901166414652,262.304549912917,565.683334368263,565.004822549499,566.087175593364,565.173530194544,465.371583994501
19929.047,25.725237793412,26.1217486862251,40.778497955239,82.9901166414652,262.304549912917,565.683334368263,565.004822549499,566.087175593364,565.173530194544,465.371583994501
19930.047,25.725237793412,26.1217486862251,40.778497955239,82.9901166414652,262.304549912917,565.683334368263,565.004822549499,566.087175593364,565.173530194544,465.371583994501
19931.047,25.7321905389106,26.1217725338103,40.7785749416092,83.0068143187341,262.408499023782,565.807697305717,565.092691950626,566.17830592103,565.232230281921,465.506134097421
19932.047,25.7321905389106,26.1217725338103,40.7785749416092,83.0068143187341,262.408499023782,565.807697305717,565.092691950626,566.17830592103,565.232230281921,465.506134097421
19933.047,25.7321905389106,26.1217725338103,40.7785749416092,83.0068143187341,262.408499023782,565.807697305717,565.092691950626,566.17830592103,565.232230281921,465.506134097421
19934.047,25.7321905389106,26.1217725338103,40.7785749416092,83.0068143187341,262.408499023782,565.807697305717,565.092691950626,566.17830592103,565.232230281921,465.506134097421
19935.047,25.7321905389106,26.1217725338103,40.7785749416092,83.0068143187341,262.408499023782,565.807697305717,565.092691950626,566.17830592103,565.232230281921,465.506134097421
19936.047,25.7391874135005,26.1217940118424,40.778645444752,83.0235911281217,262.512552251247,565.932057308044,565.180983545246,566.269874112342,565.290628284104,465.640808502243
19937.047,25.7391874135005,26.1217940118424,40.778645444752,83.0235911281217,262.512552251247,565.932057308044,565.180983545246,566.269874112342,565.290628284104,465.640808502243
19938.047,25.7391874135005,26.1217940118424,40.778645444752,83.0235911281217,262.512552251247,565.932057308044,565.180983545246,566.269874112342,565.290628284104,465.640808502243
19939.047,25.7391874135005,26.1217940118424,40.778645444752,83.0235911281217,262.512552251247,565.932057308044,565.180983545246,566.269874112342,565.290628284104,465.640808502243
19940.047,25.7391874135005,26.1217940118424,40.778645444752,83.0235911281217,262.512552251247,565.932057308044,565.180983545246,566.269874112342,565.290628284104,465.640808502243
19941.047,25.7462286585793,26.1218133557664,40.7787100106379,83.0404474447671,262.61670943181,566.056397409319,565.269699303628,566.361882210676,565.348726231269,465.775607296526
19942.047,25.7462286585793,26.1218133557664,40.7787100106379,83.0404474447671,262.61670943181,566.056397409319,565.269699303628,566.361882210676,565.348726231269,465.775607296526
19943.047,25.7462286585793,26.1218133557664,40.7787100106379,83.0404474447671,262.61670943181,566.056397409319,565.269699303628,566.361882210676,565.348726231269,465.775607296526
19944.047,25.7462286585793,26.1218133557664,40.7787100106379,83.0404474447671,262.61670943181,566.056397409319,565.269699303628,566.361882210676,565.348726231269,465.775607296526
19945.047,25.7462286585793,26.1218133557664,40.7787100106379,83.0404474447671,262.61670943181,566.056397409319,565.269699303628,566.361882210676,565.348726231269,465.775607296526
19946.047,25.7533145170626,26.1218307776322,40.7787691392589,83.0573836453782,262.720970404372,566.180701189911,565.358841206004,566.454332269733,565.406526128912,465.910530568213
19947.047,25.7533145170626,26.1218307776322,40.7787691392589,83.0573836453782,262.720970404372,566.180701189911,565.358841206004,566.454332269733,565.406526128912,465.910530568213
19948.047,25.7533145170626,26.1218307776322,40.7787691392589,83.0573836453782,262.720970404372,566.180701189911,565.358841206004,566.454332269733,565.406526128912,465.910530568213
19949.047,25.7533145170626,26.1218307776322,40.7787691392589,83.0573836453782,262.720970404372,566.180701189911,565.358841206004,566.454332269733,565.406526128912,465.910530568213
19950.047,25.7533145170626,26.1218307776322,40.7787691392589,83.0573836453782,262.720970404372,566.180701189911,565.358841206004,566.454332269733,565.406526128912,465.910530568213
19951.047,25.7604452333463,26.12184646842,40.7788232885015,83.0744001085939,262.825335010696,566.304952761235,565.448411242597,566.547226353579,565.464029958343,466.045578405636
19952.047,25.7604452333463,26.12184646842,40.7788232885015,83.0744001085939,262.825335010696,566.304952761235,565.448411242597,566.547226353579,565.464029958343,466.045578405636
19953.047,25.7604452333463,26.12184646842,40.7788232885015,83.0744001085939,262.825335010696,566.304952761235,565.448411242597,566.547226353579,565.464029958343,466.045578405636
19954.047,25.7604452333463,26.12184646842,40.7788232885015,83.0744001085939,262.825335010696,566.304952761235,565.448411242597,566.547226353579,565.464029958343,466.045578405636
19955.047,25.7604452333463,26.12184646842,40.7788232885015,83.0744001085939,262.825335010696,566.304952761235,565.448411242597,566.547226353579,565.464029958343,466.045578405636
19956.047,25.7676210533184,26.1218606001339,40.7788728776924,83.0914972147458,262.929803095348,566.429136750916,565.538411413668,566.640566536689,565.521239677174,466.18075089751
19957.047,25.7676210533184,26.1218606001339,40.7788728776924,83.0914972147458,262.929803095348,566.429136750916,565.538411413668,566.640566536689,565.521239677174,466.18075089751
19958.047,25.7676210533184,26.1218606001339,40.7788728776924,83.0914972147458,262.929803095348,566.429136750916,565.538411413668,566.640566536689,565.521239677174,466.18075089751
19959.047,25.7676210533184,26.1218606001339,40.7788728776924,83.0914972147458,262.929803095348,566.429136750916,565.538411413668,566.640566536689,565.521239677174,466.18075089751
19960.047,25.7676210533184,26.1218606001339,40.7788728776924,83.0914972147458,262.929803095348,566.429136750916,565.538411413668,566.640566536689,565.521239677174,466.18075089751
19961.047,25.774842224374,26.1218733276872,40.7789182908457,83.1086753460401,263.034374505413,566.55323828836,565.628843729552,566.734354903988,565.578157219785,466.316048132929
19962.047,25.774842224374,26.1218733276872,40.7789182908457,83.1086753460401,263.034374505413,566.55323828836,565.628843729552,566.734354903988,565.578157219785,466.316048132929
19963.047,25.774842224374,26.1218733276872,40.7789182908457,83.1086753460401,263.034374505413,566.55323828836,565.628843729552,566.734354903988,565.578157219785,466.316048132929
19964.047,25.774842224374,26.1218733276872,40.7789182908457,83.1086753460401,263.034374505413,566.55323828836,565.628843729552,566.734354903988,565.578157219785,466.316048132929
19965.047,25.774842224374,26.1218733276872,40.7789182908457,83.1086753460401,263.034374505413,566.55323828836,565.628843729552,566.734354903988,565.578157219785,466.316048132929
19966.047,25.7821089954256,26.1218847906005,40.7789598796365,83.1259348864421,263.139049090678,566.677242990716,565.719710210702,566.828593550894,565.634784497793,466.451470201363
19967.047,25.7821089954256,26.1218847906005,40.7789598796365,83.1259348864421,263.139049090678,566.677242990716,565.719710210702,566.828593550894,565.634784497793,466.451470201363
19968.047,25.7821089954256,26.1218847906005,40.7789598796365,83.1259348864421,263.139049090678,566.677242990716,565.719710210702,566.828593550894,565.634784497793,466.451470201363
19969.047,25.7821089954256,26.1218847906005,40.7789598796365,83.1259348864421,263.139049090678,566.677242990716,565.719710210702,566.828593550894,565.634784497793,466.451470201363
19970.047,25.7821089954256,26.1218847906005,40.7789598796365,83.1259348864421,263.139049090678,566.677242990716,565.719710210702,566.828593550894,565.634784497793,466.451470201363
19971.047,25.7894216169036,26.1218951145315,40.7789979661248,83.1432762217751,263.243826703563,566.801136949226,565.81101288773,566.92328458336,565.691123400496,466.587017192655
19972.047,25.7894216169036,26.1218951145315,40.7789979661248,83.1432762217751,263.243826703563,566.801136949226,565.81101288773,566.92328458336,565.691123400496,466.587017192655
19973.047,25.7894216169036,26.1218951145315,40.7789979661248,83.1432762217751,263.243826703563,566.801136949226,565.81101288773,566.92328458336,565.691123400496,466.587017192655
19974.047,25.7894216169036,26.1218951145315,40.7789979661248,83.1432762217751,263.243826703563,566.801136949226,565.81101288773,566.92328458336,565.691123400496,466.587017192655
19975.047,25.7894216169036,26.1218951145315,40.7789979661248,83.1432762217751,263.243826703563,566.801136949226,565.81101288773,566.92328458336,565.691123400496,466.587017192655
19976.047,25.7967803407713,26.1219044126523,40.7790328452486,83.1606997396627,263.34870719902,566.924906715939,565.902753801446,567.018430117919,565.747175795316,466.72268919702
19977.047,25.7967803407713,26.1219044126523,40.7790328452486,83.1606997396627,263.34870719902,566.924906715939,565.902753801446,567.018430117919,565.747175795316,466.72268919702
19978.047,25.7967803407713,26.1219044126523,40.7790328452486,83.1606997396627,263.34870719902,566.924906715939,565.902753801446,567.018430117919,565.747175795316,466.72268919702
19979.047,25.7967803407713,26.1219044126523,40.7790328452486,83.1606997396627,263.34870719902,566.924906715939,565.902753801446,567.018430117919,565.747175795316,466.72268919702
19980.047,25.7967803407713,26.1219044126523,40.7790328452486,83.1606997396627,263.34870719902,566.924906715939,565.902753801446,567.018430117919,565.747175795316,466.72268919702
19981.047,25.8041854205311,26.1219127868897,40.7790647871086,83.1782058295858,263.453690434568,567.048539290796,565.994935002904,567.114032281723,565.802943528229,466.858486305035
19982.047,25.8041854205311,26.1219127868897,40.7790647871086,83.1782058295858,263.453690434568,567.048539290796,565.994935002904,567.114032281723,565.802943528229,466.858486305035
19983.047,25.8041854205311,26.1219127868897,40.7790647871086,83.1782058295858,263.453690434568,567.048539290796,565.994935002904,567.114032281723,565.802943528229,466.858486305035
19984.047,25.8041854205311,26.1219127868897,40.7790647871086,83.1782058295858,263.453690434568,567.048539290796,565.994935002904,567.114032281723,565.802943528229,466.858486305035
19985.047,25.8041854205311,26.1219127868897,40.7790647871086,83.1782058295858,263.453690434568,567.048539290796,565.994935002904,567.114032281723,565.802943528229,466.858486305035
19986.047,25.8116371112337,26.121920329043,40.7790940390597,83.1957948828567,263.558776270256,567.172022109062,566.087558553439,567.210093212593,565.858428424179,466.994408607645
19987.047,25.8116371112337,26.121920329043,40.7790940390597,83.1957948828567,263.558776270256,567.172022109062,566.087558553439,567.210093212593,565.858428424179,466.994408607645
19988.047,25.8116371112337,26.121920329043,40.7790940390597,83.1957948828567,263.558776270256,567.172022109062,566.087558553439,567.210093212592,565.858428424179,466.994408607645
19989.047,25.8116371112337,26.121920329043,40.7790940390597,83.1957948828567,263.558776270256,567.172022109062,566.087558553439,567.210093212592,565.858428424179,466.994408607645
19990.047,25.8116371112337,26.121920329043,40.7790940390597,83.1957948828567,263.558776270256,567.172022109062,566.087558553439,567.210093212592,565.858428424179,466.994408607645
19991.047,25.819135669486,26.12192712179,40.7791208276262,83.2134672926524,263.663964568608,567.295343029103,566.180626524714,567.306615059057,565.913632287492,467.130456196153
19992.047,25.819135669486,26.12192712179,40.7791208276262,83.2134672926524,263.663964568608,567.295343029103,566.180626524714,567.306615059057,565.913632287492,467.130456196153
19993.047,25.819135669486,26.12192712179,40.7791208276262,83.2134672926524,263.663964568608,567.295343029103,566.180626524714,567.306615059057,565.913632287492,467.130456196153
19994.047,25.819135669486,26.12192712179,40.7791208276262,83.2134672926524,263.663964568608,567.295343029103,566.180626524714,567.306615059057,565.913632287492,467.130456196153
19995.047,25.819135669486,26.12192712179,40.7791208276262,83.2134672926524,263.663964568608,567.295343029103,566.180626524714,567.306615059057,565.913632287492,467.130456196153
19996.047,25.8266813534613,26.1219332395936,40.7791453602563,83.231223454006,263.769255194616,567.418490320497,566.27414099876,567.403599980398,565.968556902274,467.26662916222
19997.047,25.8266813534613,26.1219332395936,40.7791453602563,83.231223454006,263.769255194616,567.418490320497,566.27414099876,567.403599980398,565.968556902274,467.26662916222
19998.047,25.8266813534613,26.1219332395936,40.7791453602563,83.231223454006,263.769255194616,567.418490320497,566.27414099876,567.403599980398,565.968556902274,467.26662916222
19999.047,25.8266813534613,26.1219332395936,40.7791453602563,83.231223454006,263.769255194616,567.418490320497,566.27414099876,567.403599980398,565.968556902274,467.26662916222
20000.047,25.8266813534613,26.1219332395936,40.7791453602563,83.231223454006,263.769255194616,567.418490320497,566.27414099876,567.403599980398,565.968556902274,467.26662916222
20001.047,25.8342744229068,26.1219387495176,40.7791678269283,83.2490637638277,263.87464801571,567.541452652463,566.368104068021,567.501050146698,566.023204032799,467.402927597859
20002.047,25.8342744229068,26.1219387495176,40.7791678269283,83.2490637638277,263.87464801571,567.541452652463,566.368104068021,567.501050146698,566.023204032799,467.402927597859
20003.047,25.8342744229068,26.1219387495176,40.7791678269283,83.2490637638277,263.87464801571,567.541452652463,566.368104068021,567.501050146698,566.023204032799,467.402927597859
20004.047,25.8342744229068,26.1219387495176,40.7791678269283,83.2490637638277,263.87464801571,567.541452652463,566.368104068021,567.501050146698,566.023204032799,467.402927597859
20005.047,25.8342744229068,26.1219387495176,40.7791678269283,83.2490637638277,263.87464801571,567.541452652463,566.368104068021,567.501050146698,566.023204032799,467.402927597859
20006.047,25.8419151391532,26.1219437119626,40.7791884016222,83.2669886209051,263.980142901721,567.66421908262,566.462517835394,567.598967738881,566.07757542389,467.539351595438
20007.047,25.8419151391532,26.1219437119626,40.7791884016222,83.2669886209051,263.980142901721,567.66421908262,566.462517835394,567.598967738881,566.07757542389,467.539351595438
20008.047,25.8419151391532,26.1219437119626,40.7791884016222,83.2669886209051,263.980142901721,567.66421908262,566.462517835394,567.598967738881,566.07757542389,467.539351595438
20009.047,25.8419151391532,26.1219437119626,40.7791884016222,83.2669886209051,263.980142901721,567.66421908262,566.462517835394,567.598967738881,566.07757542389,467.539351595438
20010.047,25.8419151391532,26.1219437119626,40.7791884016222,83.2669886209051,263.980142901721,567.66421908262,566.462517835394,567.598967738881,566.07757542389,467.539351595438
20011.047,25.8496037651234,26.1219481813272,40.7792072436664,83.2849984259184,264.085739724858,567.786779046039,566.557384414276,567.697354948761,566.131672801293,467.675901247671
20012.047,25.8496037651234,26.1219481813272,40.7792072436664,83.2849984259184,264.085739724858,567.786779046039,566.557384414276,567.697354948761,566.131672801293,467.675901247671
20013.047,25.8496037651234,26.1219481813272,40.7792072436664,83.2849984259184,264.085739724858,567.786779046039,566.557384414276,567.697354948761,566.131672801293,467.675901247671
20014.047,25.8496037651234,26.1219481813272,40.7792072436664,83.2849984259184,264.085739724858,567.786779046039,566.557384414276,567.697354948761,566.131672801293,467.675901247671
20015.047,25.8496037651234,26.1219481813272,40.7792072436664,83.2849984259184,264.085739724858,567.786779046039,566.557384414276,567.697354948761,566.131672801293,467.675901247671
20016.047,25.8573405653416,26.1219522066051,40.779224498972,83.3030935814448,264.191438359686,567.909122344598,566.652705928607,567.796213979084,566.185497872033,467.812576647617
20017.047,25.8573405653416,26.1219522066051,40.779224498972,83.3030935814448,264.191438359686,567.909122344598,566.652705928607,567.796213979084,566.185497872033,467.812576647617
20018.047,25.8573405653416,26.1219522066051,40.779224498972,83.3030935814448,264.191438359686,567.909122344598,566.652705928607,567.796213979084,566.185497872033,467.812576647617
20019.047,25.8573405653416,26.1219522066051,40.779224498972,83.3030935814448,264.191438359686,567.909122344598,566.652705928607,567.796213979084,566.185497872033,467.812576647617
20020.047,25.8573405653416,26.1219522066051,40.779224498972,83.3030935814448,264.191438359686,567.909122344598,566.652705928607,567.796213979084,566.185497872033,467.812576647617
20021.047,25.8651258059421,26.1219558319219,40.7792403011624,83.3212744919706,264.297238683092,568.031239136635,566.748484512913,567.895547043577,566.239052324778,467.949377888678
20022.047,25.8651258059421,26.1219558319219,40.7792403011624,83.3212744919706,264.297238683092,568.031239136635,566.748484512913,567.895547043577,566.239052324778,467.949377888678
20023.047,25.8651258059421,26.1219558319219,40.7792403011624,83.3212744919706,264.297238683092,568.031239136635,566.748484512913,567.895547043577,566.239052324778,467.949377888678
20024.047,25.8651258059421,26.1219558319219,40.7792403011624,83.3212744919706,264.297238683092,568.031239136635,566.748484512913,567.895547043577,566.239052324778,467.949377888678
20025.047,25.8651258059421,26.1219558319219,40.7792403011624,83.3212744919706,264.297238683092,568.031239136635,566.748484512913,567.895547043577,566.239052324778,467.949377888678
20026.047,25.8729597546787,26.1219590970186,40.7792547726084,83.339541563898,264.403140574261,568.153119926871,566.844722312349,567.995356366993,566.292337830176,468.086305064597
20027.047,25.8729597546787,26.1219590970186,40.7792547726084,83.339541563898,264.403140574261,568.153119926871,566.844722312349,567.995356366993,566.292337830176,468.086305064597
20028.047,25.8729597546787,26.1219590970186,40.7792547726084,83.339541563898,264.403140574261,568.153119926871,566.844722312349,567.995356366993,566.292337830176,468.086305064597
20029.047,25.8729597546787,26.1219590970186,40.7792547726084,83.339541563898,264.403140574261,568.153119926871,566.844722312349,567.995356366993,566.292337830176,468.086305064597
20030.047,25.8729597546787,26.1219590970186,40.7792547726084,83.339541563898,264.403140574261,568.153119926871,566.844722312349,567.995356366993,566.292337830176,468.086305064597
20031.047,25.8808426809336,26.1219620376875,40.7792680253754,83.3578952055561,264.50914391465,568.274755556618,566.941421482749,568.095644185156,566.345356041195,468.223358269451
20032.047,25.8808426809336,26.1219620376875,40.7792680253754,83.3578952055561,264.50914391465,568.274755556618,566.941421482749,568.095644185156,566.345356041195,468.223358269451
20033.047,25.8808426809336,26.1219620376875,40.7792680253754,83.3578952055561,264.50914391465,568.274755556618,566.941421482749,568.095644185156,566.345356041195,468.223358269451
20034.047,25.8808426809336,26.1219620376875,40.7792680253754,83.3578952055561,264.50914391465,568.274755556618,566.941421482749,568.095644185156,566.345356041195,468.223358269451
20035.047,25.8808426809336,26.1219620376875,40.7792680253754,83.3578952055561,264.50914391465,568.274755556618,566.941421482749,568.095644185156,566.345356041195,468.223358269451
20036.047,25.8887748557268,26.1219646861646,40.7792801620916,83.3763358272084,264.615248587962,568.396137194254,567.038584190665,568.19641274501,566.398108593456,468.360537597653
20037.047,25.8887748557268,26.1219646861646,40.7792801620916,83.3763358272084,264.615248587962,568.396137194254,567.038584190665,568.19641274501,566.398108593456,468.360537597653
20038.047,25.8887748557268,26.1219646861646,40.7792801620916,83.3763358272084,264.615248587962,568.396137194254,567.038584190665,568.19641274501,566.398108593456,468.360537597653
20039.047,25.8887748557268,26.1219646861646,40.7792801620916,83.3763358272084,264.615248587962,568.396137194254,567.038584190665,568.19641274501,566.398108593456,468.360537597653
20040.047,25.8887748557268,26.1219646861646,40.7792801620916,83.3763358272084,264.615248587962,568.396137194254,567.038584190665,568.19641274501,566.398108593456,468.360537597653
20041.047,25.8967565517252,26.1219670714827,40.7792912767427,83.3948638410632,264.72145448012,568.51725632595,567.136212613419,568.297664304664,566.45059710555,468.497843143948
20042.047,25.8967565517252,26.1219670714827,40.7792912767427,83.3948638410632,264.72145448012,568.51725632595,567.136212613419,568.297664304664,566.45059710555,468.497843143948
20043.047,25.8967565517252,26.1219670714827,40.7792912767427,83.3948638410632,264.72145448012,568.51725632595,567.136212613418,568.297664304664,566.45059710555,468.497843143948
20044.047,25.8967565517252,26.1219670714827,40.7792912767427,83.3948638410632,264.72145448012,568.51725632595,567.136212613418,568.297664304664,566.45059710555,468.497843143948
20045.047,25.8967565517252,26.1219670714827,40.7792912767427,83.3948638410632,264.72145448012,568.51725632595,567.136212613418,568.297664304664,566.45059710555,468.497843143948
20046.047,25.9047880432521,26.1219692197899,40.7793014553995,83.4134796612819,264.827761479242,568.638104746662,567.234308939139,568.399401133441,566.502823179356,468.635275003407
20047.047,25.9047880432521,26.1219692197899,40.7793014553995,83.4134796612819,264.827761479242,568.638104746662,567.234308939139,568.399401133441,566.502823179356,468.635275003407
20048.047,25.9047880432521,26.1219692197899,40.7793014553995,83.4134796612819,264.827761479242,568.638104746662,567.234308939139,568.399401133441,566.502823179356,468.635275003407
20049.047,25.9047880432521,26.1219692197899,40.7793014553995,83.4134796612819,264.827761479242,568.638104746662,567.234308939139,568.399401133441,566.502823179356,468.635275003407
20050.047,25.9047880432521,26.1219692197899,40.7793014553995,83.4134796612819,264.827761479242,568.638104746662,567.234308939139,568.399401133441,566.502823179356,468.635275003407
20051.047,25.9128696062961,26.1219711546363,40.7793107768846,83.432183703989,264.934169475615,568.758674551358,567.332875366815,568.501625511923,566.554788400345,468.77283327143
20052.047,25.9128696062961,26.1219711546363,40.7793107768846,83.432183703989,264.934169475615,568.758674551358,567.332875366815,568.501625511923,566.554788400345,468.77283327143
20053.047,25.9128696062961,26.1219711546363,40.7793107768846,83.432183703989,264.934169475615,568.758674551358,567.332875366815,568.501625511923,566.554788400345,468.77283327143
20054.047,25.9128696062961,26.1219711546363,40.7793107768846,83.432183703989,264.934169475615,568.758674551358,567.332875366815,568.501625511923,566.554788400345,468.77283327143
20055.047,25.9128696062961,26.1219711546363,40.7793107768846,83.432183703989,264.934169475615,568.758674551358,567.332875366815,568.501625511923,566.554788400345,468.77283327143
20056.047,25.9210015185213,26.1219728972317,40.7793193133826,83.4509763872808,265.040678361672,568.878958126497,567.43191410634,568.604339732003,566.606494337882,468.910518043737
20057.047,25.9210015185213,26.1219728972317,40.7793193133826,83.4509763872808,265.040678361672,568.878958126497,567.43191410634,568.604339732003,566.606494337882,468.910518043737
20058.047,25.9210015185213,26.1219728972317,40.7793193133826,83.4509763872808,265.040678361672,568.878958126497,567.43191410634,568.604339732003,566.606494337882,468.910518043737
20059.047,25.9210015185213,26.1219728972317,40.7793193133826,83.4509763872808,265.040678361672,568.878958126497,567.43191410634,568.604339732003,566.606494337882,468.910518043737
20060.047,25.9210015185213,26.1219728972317,40.7793193133826,83.4509763872808,265.040678361672,568.878958126497,567.43191410634,568.604339732003,566.606494337882,468.910518043737
20061.047,25.9291840592761,26.1219744666786,40.7793271309994,83.4698581312351,265.147288031967,568.998948141728,567.531427378555,568.707546096929,566.657942545518,469.048329416372
20062.047,25.9291840592761,26.1219744666786,40.7793271309994,83.4698581312351,265.147288031967,568.998948141728,567.531427378555,568.707546096929,566.657942545518,469.048329416372
20063.047,25.9291840592761,26.1219744666786,40.7793271309994,83.4698581312351,265.147288031967,568.998948141728,567.531427378555,568.707546096929,566.657942545518,469.048329416372
20064.047,25.9291840592761,26.1219744666786,40.7793271309994,83.4698581312351,265.147288031967,568.998948141728,567.531427378555,568.707546096929,566.657942545518,469.048329416372
20065.047,25.9291840592761,26.1219744666786,40.7793271309994,83.4698581312351,265.147288031967,568.998948141728,567.531427378555,568.707546096929,566.657942545518,469.048329416372
20066.047,25.937417509603,26.1219758801817,40.7793342902739,83.4888293579206,265.25399838315,569.118637541826,567.631417415301,568.811246921354,566.709134561273,469.186267485694
20067.047,25.937417509603,26.1219758801817,40.7793342902739,83.4888293579206,265.25399838315,569.118637541826,567.631417415301,568.811246921354,566.709134561273,469.186267485694
20068.047,25.937417509603,26.1219758801817,40.7793342902739,83.4888293579206,265.25399838315,569.118637541826,567.631417415301,568.811246921354,566.709134561273,469.186267485694
20069.047,25.937417509603,26.1219758801817,40.7793342902739,83.4888293579206,265.25399838315,569.118637541826,567.631417415301,568.811246921354,566.709134561273,469.186267485694
20070.047,25.937417509603,26.1219758801817,40.7793342902739,83.4888293579206,265.25399838315,569.118637541826,567.631417415301,568.811246921354,566.709134561273,469.186267485694
20071.047,25.9457021522482,26.1219771532357,40.7793408466468,83.507890491406,265.360809313942,569.238019538847,567.731886459459,568.915444531387,566.760071907922,469.324332348381
20072.047,25.9457021522482,26.1219771532357,40.7793408466468,83.507890491406,265.360809313942,569.238019538847,567.731886459459,568.915444531387,566.760071907922,469.324332348381
20073.047,25.9457021522482,26.1219771532357,40.7793408466468,83.507890491406,265.360809313942,569.238019538847,567.731886459459,568.915444531387,566.760071907922,469.324332348381
20074.047,25.9457021522482,26.1219771532357,40.7793408466468,83.507890491406,265.360809313942,569.238019538847,567.731886459459,568.915444531387,566.760071907922,469.324332348381
20075.047,25.9457021522482,26.1219771532357,40.7793408466468,83.507890491406,265.360809313942,569.238019538847,567.731886459459,568.915444531387,566.760071907922,469.324332348381
20076.047,25.9540382716712,26.121978299796,40.7793468508902,83.52704195777,265.467720725115,569.35708760449,567.832836765007,569.020141264638,566.810756093261,469.46252410142
20077.047,25.9540382716712,26.121978299796,40.7793468508902,83.52704195777,265.467720725115,569.35708760449,567.832836765007,569.020141264638,566.810756093261,469.46252410142
20078.047,25.9540382716712,26.121978299796,40.7793468508902,83.52704195777,265.467720725115,569.35708760449,567.832836765007,569.020141264638,566.810756093261,469.46252410142
20079.047,25.9540382716712,26.121978299796,40.7793468508902,83.52704195777,265.467720725115,569.35708760449,567.832836765007,569.020141264638,566.810756093261,469.46252410142
20080.047,25.9540382716712,26.121978299796,40.7793468508902,83.52704195777,265.467720725115,569.35708760449,567.832836765007,569.020141264638,566.810756093261,469.46252410142
20081.047,25.9624261540546,26.1219793324313,40.7793523495003,83.5462841851103,265.574732519466,569.475835462681,567.934270597057,569.125339470272,566.861188610376,469.600842842113
20082.047,25.9624261540546,26.1219793324313,40.7793523495003,83.5462841851103,265.574732519466,569.475835462681,567.934270597057,569.125339470272,566.861188610376,469.600842842113
20083.047,25.9624261540546,26.1219793324313,40.7793523495003,83.5462841851103,265.574732519466,569.475835462681,567.934270597057,569.125339470272,566.861188610376,469.600842842113
20084.047,25.9624261540546,26.1219793324313,40.7793523495003,83.5462841851103,265.574732519466,569.475835462681,567.934270597057,569.125339470272,566.861188610376,469.600842842113
20085.047,25.9624261540546,26.1219793324313,40.7793523495003,83.5462841851103,265.574732519466,569.475835462681,567.934270597057,569.125339470272,566.861188610376,469.600842842113
20086.047,25.9708660873137,26.1219802624616,40.7793573850578,83.5656176035534,265.681844601794,569.594257082347,568.03619023191,569.231041509054,566.911370937903,469.739288668067
20087.047,25.9708660873137,26.1219802624616,40.7793573850578,83.5656176035534,265.681844601794,569.594257082347,568.03619023191,569.231041509054,566.911370937903,469.739288668067
20088.047,25.9708660873137,26.1219802624616,40.7793573850578,83.5656176035534,265.681844601794,569.594257082347,568.03619023191,569.231041509054,566.911370937903,469.739288668067
20089.047,25.9708660873137,26.1219802624616,40.7793573850578,83.5656176035534,265.681844601794,569.594257082347,568.03619023191,569.231041509054,566.911370937903,469.739288668067
20090.047,25.9708660873137,26.1219802624616,40.7793573850578,83.5656176035534,265.681844601794,569.594257082347,568.03619023191,569.231041509054,566.911370937903,469.739288668067
20091.047,25.9793583611065,26.1219811000819,40.7793619965576,83.5850426452644,265.789056878879,569.712346670397,568.138597957103,569.337249753403,566.961304540283,469.877861677197
20092.047,25.9793583611065,26.1219811000819,40.7793619965576,83.5850426452644,265.789056878879,569.712346670397,568.138597957103,569.337249753403,566.961304540283,469.877861677197
20093.047,25.9793583611065,26.1219811000819,40.7793619965576,83.5850426452644,265.789056878879,569.712346670397,568.138597957103,569.337249753403,566.961304540283,469.877861677197
20094.047,25.9793583611065,26.1219811000819,40.7793619965576,83.5850426452644,265.789056878879,569.712346670397,568.138597957103,569.337249753403,566.961304540283,469.877861677197
20095.047,25.9793583611065,26.1219811000819,40.7793619965576,83.5850426452644,265.789056878879,569.712346670397,568.138597957103,569.337249753403,566.961304540283,469.877861677197
20096.047,25.9879032668435,26.1219818544742,40.7793662197107,83.6045597444564,265.896369259458,569.830098664891,568.241496071455,569.44396658744,567.010990868009,470.016561967718
20097.047,25.9879032668435,26.1219818544742,40.7793662197107,83.6045597444564,265.896369259458,569.830098664891,568.241496071455,569.44396658744,567.010990868009,470.016561967718
20098.047,25.9879032668435,26.1219818544742,40.7793662197107,83.6045597444564,265.896369259458,569.830098664891,568.241496071455,569.44396658744,567.010990868009,470.016561967718
20099.047,25.9879032668435,26.1219818544742,40.7793662197107,83.6045597444564,265.896369259458,569.830098664892,568.241496071455,569.44396658744,567.010990868009,470.016561967718
20100.047,25.9879032668435,26.1219818544742,40.7793662197107,83.6045597444564,265.896369259458,569.830098664892,568.241496071455,569.44396658744,567.010990868009,470.016561967718
20101.047,25.9965010976976,26.1219825339083,40.7793700872209,83.6241693374003,266.003781654201,569.9475077284,568.344886885119,569.55119440704,567.06043135787,470.15538963815
20102.047,25.9965010976976,26.1219825339083,40.7793700872209,83.6241693374003,266.003781654201,569.9475077284,568.344886885119,569.55119440704,567.06043135787,470.15538963815
20103.047,25.9965010976976,26.1219825339083,40.7793700872209,83.6241693374003,266.003781654201,569.9475077284,568.344886885119,569.55119440704,567.06043135787,470.15538963815
20104.047,25.9965010976976,26.1219825339083,40.7793700872209,83.6241693374003,266.003781654201,569.9475077284,568.344886885119,569.55119440704,567.06043135787,470.15538963815
20105.047,25.9965010976976,26.1219825339083,40.7793700872209,83.6241693374003,266.003781654201,569.9475077284,568.344886885119,569.55119440704,567.06043135787,470.15538963815
20106.047,26.0051521486143,26.1219831458322,40.7793736290378,83.6438718624344,266.111293975694,570.06456874154,568.448772719629,569.65893561988,567.109627433184,470.29434478731
20107.047,26.0051521486143,26.1219831458322,40.7793736290378,83.6438718624344,266.111293975694,570.06456874154,568.448772719629,569.65893561988,567.109627433184,470.29434478731
20108.047,26.0051521486143,26.1219831458322,40.7793736290378,83.6438718624344,266.111293975694,570.06456874154,568.448772719629,569.65893561988,567.109627433184,470.29434478731
20109.047,26.0051521486143,26.1219831458322,40.7793736290378,83.6438718624344,266.111293975694,570.06456874154,568.448772719629,569.65893561988,567.109627433184,470.29434478731
20110.047,26.0051521486143,26.1219831458322,40.7793736290378,83.6438718624344,266.111293975694,570.06456874154,568.448772719629,569.65893561988,567.109627433184,470.29434478731
20111.047,26.0138567163214,26.1219836969539,40.7793768725888,83.6636677599744,266.218906138412,570.181276796692,568.553155907951,569.767192645497,567.158580504036,470.43342751431
20112.047,26.0138567163214,26.1219836969539,40.7793768725888,83.6636677599744,266.218906138412,570.181276796692,568.553155907951,569.767192645497,567.158580504036,470.43342751431
20113.047,26.0138567163214,26.1219836969539,40.7793768725888,83.6636677599744,266.218906138412,570.181276796692,568.553155907951,569.767192645497,567.158580504036,470.43342751431
20114.047,26.0138567163214,26.1219836969539,40.7793768725888,83.6636677599744,266.218906138412,570.181276796692,568.553155907951,569.767192645497,567.158580504036,470.43342751431
20115.047,26.0138567163214,26.1219836969539,40.7793768725888,83.6636677599744,266.218906138412,570.181276796692,568.553155907951,569.767192645497,567.158580504036,470.43342751431
20116.047,26.0226150993395,26.1219841933149,40.7793798429918,83.6835574725234,266.326618058701,570.297627191891,568.658038794531,569.875967915332,567.207291967498,470.57263791856
20117.047,26.0226150993395,26.1219841933149,40.7793798429918,83.6835574725234,266.326618058701,570.297627191891,568.658038794531,569.875967915332,567.207291967498,470.57263791856
20118.047,26.0226150993395,26.1219841933149,40.7793798429918,83.6835574725234,266.326618058701,570.297627191891,568.658038794531,569.875967915332,567.207291967498,470.57263791856
20119.047,26.0226150993395,26.1219841933149,40.7793798429918,83.6835574725234,266.326618058701,570.297627191891,568.658038794531,569.875967915332,567.207291967498,470.57263791856
20120.047,26.0226150993395,26.1219841933149,40.7793798429918,83.6835574725234,266.326618058701,570.297627191891,568.658038794531,569.875967915332,567.207291967498,470.57263791856
20121.047,26.0314275979919,26.1219846403562,40.7793825632493,83.7035414446813,266.434429654755,570.41361542488,568.763423735347,569.985263872785,567.255763207855,470.711976099757
20122.047,26.0314275979919,26.1219846403562,40.7793825632493,83.7035414446813,266.434429654755,570.41361542488,568.763423735347,569.985263872785,567.255763207855,470.711976099757
20123.047,26.0314275979919,26.1219846403562,40.7793825632493,83.7035414446813,266.434429654755,570.41361542488,568.763423735347,569.985263872785,567.255763207855,470.711976099757
20124.047,26.0314275979919,26.1219846403562,40.7793825632493,83.7035414446813,266.434429654755,570.41361542488,568.763423735347,569.985263872785,567.255763207855,470.711976099757
20125.047,26.0314275979919,26.1219846403562,40.7793825632493,83.7035414446813,266.434429654755,570.41361542488,568.763423735347,569.985263872785,567.255763207855,470.711976099757
20126.047,26.0402945144151,26.1219850429785,40.7793850544267,83.723620123155,266.542340846597,570.52923718733,568.869313097958,570.095082973268,567.303995596816,470.851442157893
20127.047,26.0402945144151,26.1219850429785,40.7793850544267,83.723620123155,266.542340846597,570.52923718733,568.869313097958,570.095082973268,567.303995596816,470.851442157893
20128.047,26.0402945144151,26.1219850429785,40.7793850544267,83.723620123155,266.542340846597,570.52923718733,568.869313097958,570.095082973268,567.303995596816,470.851442157893
20129.047,26.0402945144151,26.1219850429785,40.7793850544267,83.723620123155,266.542340846597,570.52923718733,568.869313097958,570.095082973268,567.303995596816,470.851442157893
20130.047,26.0402945144151,26.1219850429785,40.7793850544267,83.723620123155,266.542340846597,570.52923718733,568.869313097958,570.095082973268,567.303995596816,470.851442157893
20131.047,26.0492161525687,26.1219854055952,40.7793873358153,83.7437939567687,266.650351556056,570.644488359219,568.975709261554,570.205427684258,567.351990493728,470.991036193243
20132.047,26.0492161525687,26.1219854055952,40.7793873358153,83.7437939567687,266.650351556056,570.644488359219,568.975709261554,570.205427684258,567.351990493728,470.991036193243
20133.047,26.0492161525687,26.1219854055952,40.7793873358153,83.7437939567687,266.650351556056,570.644488359219,568.975709261554,570.205427684258,567.351990493728,470.991036193243
20134.047,26.0492161525687,26.1219854055952,40.7793873358153,83.7437939567687,266.650351556056,570.644488359219,568.975709261554,570.205427684258,567.351990493728,470.991036193243
20135.047,26.0492161525687,26.1219854055952,40.7793873358153,83.7437939567687,266.650351556056,570.644488359219,568.975709261554,570.205427684258,567.351990493728,470.991036193243
20136.047,26.0581928182463,26.1219857321815,40.7793894250822,83.7640633964733,266.758461706746,570.759365003363,569.082614617008,570.316300485347,567.399749245782,471.130758306369
20137.047,26.0581928182463,26.1219857321815,40.7793894250822,83.7640633964733,266.758461706746,570.759365003363,569.082614617008,570.316300485347,567.399749245782,471.130758306369
20138.047,26.0581928182463,26.1219857321815,40.7793894250822,83.7640633964733,266.758461706746,570.759365003363,569.082614617008,570.316300485347,567.399749245782,471.130758306369
20139.047,26.0581928182463,26.1219857321815,40.7793894250822,83.7640633964733,266.758461706746,570.759365003363,569.082614617008,570.316300485347,567.399749245782,471.130758306369
20140.047,26.0581928182463,26.1219857321815,40.7793894250822,83.7640633964733,266.758461706746,570.759365003363,569.082614617008,570.316300485347,567.399749245782,471.130758306369
20141.047,26.0672248190856,26.1219860263174,40.7793913384064,83.7844288953569,266.866671224049,570.873863360098,569.190031566929,570.427703868297,567.447273188216,471.270608598119
20142.047,26.0672248190856,26.1219860263174,40.7793913384064,83.7844288953569,266.866671224049,570.873863360098,569.190031566929,570.427703868297,567.447273188216,471.270608598119
20143.047,26.0672248190856,26.1219860263174,40.7793913384064,83.7844288953569,266.866671224049,570.873863360098,569.190031566929,570.427703868297,567.447273188216,471.270608598119
20144.047,26.0672248190856,26.1219860263174,40.7793913384064,83.7844288953569,266.866671224049,570.873863360098,569.190031566929,570.427703868297,567.447273188216,471.270608598119
20145.047,26.0672248190856,26.1219860263174,40.7793913384064,83.7844288953569,266.866671224049,570.873863360098,569.190031566929,570.427703868297,567.447273188216,471.270608598119
20146.047,26.0763124645787,26.1219862912272,40.7793930906044,83.804890908655,266.974980035092,570.987979842108,569.29796252571,570.539640337094,567.494563644507,471.410587169618
20147.047,26.0763124645787,26.1219862912272,40.7793930906044,83.804890908655,266.974980035092,570.987979842108,569.29796252571,570.539640337094,567.494563644507,471.410587169618
20148.047,26.0763124645787,26.1219862912272,40.7793930906044,83.804890908655,266.974980035092,570.987979842108,569.29796252571,570.539640337094,567.494563644507,471.410587169618
20149.047,26.0763124645787,26.1219862912272,40.7793930906044,83.804890908655,266.974980035092,570.987979842108,569.29796252571,570.539640337094,567.494563644507,471.410587169618
20150.047,26.0763124645787,26.1219862912272,40.7793930906044,83.804890908655,266.974980035092,570.987979842108,569.29796252571,570.539640337094,567.494563644507,471.410587169618
20151.047,26.0854560660833,26.121986529815,40.7793946952452,83.8254498937603,267.083388068731,571.101711029398,569.406409919581,570.652112408,567.541621926567,471.550694122273
20152.047,26.0854560660833,26.121986529815,40.7793946952452,83.8254498937603,267.083388068731,571.101711029398,569.406409919581,570.652112408,567.541621926567,471.550694122273
20153.047,26.0854560660833,26.121986529815,40.7793946952452,83.8254498937603,267.083388068731,571.101711029398,569.406409919581,570.652112408,567.541621926567,471.550694122273
20154.047,26.0854560660833,26.121986529815,40.7793946952452,83.8254498937603,267.083388068731,571.101711029398,569.406409919581,570.652112408,567.541621926567,471.550694122273
20155.047,26.0854560660833,26.121986529815,40.7793946952452,83.8254498937603,267.083388068731,571.101711029398,569.406409919581,570.652112408,567.541621926567,471.550694122273
20156.047,26.0946559368325,26.1219867446962,40.7793961647549,83.8461063102332,267.191895255526,571.2150536644,569.515376186664,570.765122609609,567.588449334932,471.690929557767
20157.047,26.0946559368325,26.1219867446962,40.7793961647549,83.8461063102332,267.191895255526,571.2150536644,569.515376186664,570.765122609609,567.588449334932,471.690929557767
20158.047,26.0946559368325,26.1219867446962,40.7793961647549,83.8461063102332,267.191895255526,571.2150536644,569.515376186664,570.765122609609,567.588449334932,471.690929557767
20159.047,26.0946559368325,26.1219867446962,40.7793961647549,83.8461063102332,267.191895255526,571.2150536644,569.515376186664,570.765122609609,567.588449334932,471.690929557767
20160.047,26.0946559368325,26.1219867446962,40.7793961647549,83.8461063102332,267.191895255526,571.2150536644,569.515376186664,570.765122609609,567.588449334932,471.690929557767
20161.047,26.103912391946,26.1219869382262,40.7793975105133,83.866860619812,267.300501527724,571.328004647214,569.624863777021,570.8786734829,567.635047158944,471.831293578058
20162.047,26.103912391946,26.1219869382262,40.7793975105133,83.866860619812,267.300501527724,571.328004647214,569.624863777021,570.8786734829,567.635047158944,471.831293578058
20163.047,26.103912391946,26.1219869382262,40.7793975105133,83.866860619812,267.300501527724,571.328004647214,569.624863777021,570.8786734829,567.635047158944,471.831293578058
20164.047,26.103912391946,26.1219869382262,40.7793975105133,83.866860619812,267.300501527724,571.328004647214,569.624863777021,570.8786734829,567.635047158944,471.831293578058
20165.047,26.103912391946,26.1219869382262,40.7793975105133,83.866860619812,267.300501527724,571.328004647214,569.624863777021,570.8786734829,567.635047158944,471.831293578058
20166.047,26.1132257484409,26.1219871125266,40.7793987429418,83.8877132864234,267.409206819244,571.440561030987,569.73487515271,570.992767581293,567.681416676929,471.971786285378
20167.047,26.1132257484409,26.1219871125266,40.7793987429418,83.8877132864234,267.409206819244,571.440561030987,569.73487515271,570.992767581293,567.681416676929,471.971786285378
20168.047,26.1132257484409,26.1219871125266,40.7793987429418,83.8877132864234,267.409206819244,571.440561030987,569.73487515271,570.992767581293,567.681416676929,471.971786285378
20169.047,26.1132257484409,26.1219871125266,40.7793987429418,83.8877132864234,267.409206819244,571.440561030987,569.73487515271,570.992767581293,567.681416676929,471.971786285378
20170.047,26.1132257484409,26.1219871125266,40.7793987429418,83.8877132864234,267.409206819244,571.440561030987,569.73487515271,570.992767581293,567.681416676929,471.971786285378
20171.047,26.1225963252421,26.1219872695082,40.7793998715843,83.9086647761925,267.518011065652,571.55272001741,569.845412787836,571.107407470701,567.727559156376,472.112407782229
20172.047,26.1225963252421,26.1219872695082,40.7793998715843,83.9086647761925,267.518011065652,571.55272001741,569.845412787836,571.107407470701,567.727559156376,472.112407782229
20173.047,26.1225963252421,26.1219872695082,40.7793998715843,83.9086647761925,267.518011065652,571.55272001741,569.845412787836,571.107407470701,567.727559156376,472.112407782229
20174.047,26.1225963252421,26.1219872695082,40.7793998715843,83.9086647761925,267.518011065652,571.55272001741,569.845412787836,571.107407470701,567.727559156376,472.112407782229
20175.047,26.1225963252421,26.1219872695082,40.7793998715843,83.9086647761925,267.518011065652,571.55272001741,569.845412787836,571.107407470701,567.727559156376,472.112407782229
20176.047,26.1320244431935,26.1219874108916,40.7794009051807,83.9297155574533,267.626914204146,571.664478952343,569.956479168607,571.22259572959,567.773475854109,472.253158171384
20177.047,26.1320244431935,26.1219874108916,40.7794009051807,83.9297155574533,267.626914204146,571.664478952343,569.956479168607,571.22259572959,567.773475854109,472.253158171384
20178.047,26.1320244431935,26.1219874108916,40.7794009051807,83.9297155574533,267.626914204146,571.664478952343,569.956479168607,571.22259572959,567.773475854109,472.253158171383
20179.047,26.1320244431935,26.1219874108916,40.7794009051807,83.9297155574533,267.626914204146,571.664478952343,569.956479168607,571.22259572959,567.773475854109,472.253158171383
20180.047,26.1320244431935,26.1219874108916,40.7794009051807,83.9297155574533,267.626914204146,571.664478952343,569.956479168607,571.22259572959,567.773475854109,472.253158171383
20181.047,26.1415104250687,26.1219875382269,40.7794018517353,83.9508661007598,267.735916173535,571.775835321563,570.068076793384,571.338334949032,567.819168016451,472.39403755588
20182.047,26.1415104250687,26.1219875382269,40.7794018517353,83.9508661007598,267.735916173535,571.775835321563,570.068076793384,571.338334949032,567.819168016451,472.39403755588
20183.047,26.1415104250687,26.1219875382269,40.7794018517353,83.9508661007598,267.735916173535,571.775835321563,570.068076793384,571.338334949032,567.819168016451,472.39403755588
20184.047,26.1415104250687,26.1219875382269,40.7794018517353,83.9508661007598,267.735916173535,571.775835321563,570.068076793384,571.338334949032,567.819168016451,472.39403755588
20185.047,26.1415104250687,26.1219875382269,40.7794018517353,83.9508661007598,267.735916173535,571.775835321563,570.068076793384,571.338334949032,567.819168016451,472.39403755588
20186.047,26.1510545955823,26.1219876529098,40.7794027185779,83.9721168788954,267.845016914224,571.886786746621,570.180208172738,571.454627732759,567.864636879391,472.535046039024
20187.047,26.1510545955823,26.1219876529098,40.7794027185779,83.9721168788954,267.845016914224,571.886786746621,570.180208172738,571.454627732759,567.864636879391,472.535046039024
20188.047,26.1510545955823,26.1219876529098,40.7794027185779,83.9721168788954,267.845016914224,571.886786746621,570.180208172738,571.454627732759,567.864636879391,472.535046039024
20189.047,26.1510545955823,26.1219876529098,40.7794027185779,83.9721168788954,267.845016914224,571.886786746621,570.180208172738,571.454627732759,567.864636879391,472.535046039024
20190.047,26.1510545955823,26.1219876529098,40.7794027185779,83.9721168788954,267.845016914224,571.886786746621,570.180208172738,571.454627732759,567.864636879391,472.535046039024
20191.047,26.1606572814007,26.1219877561976,40.7794035124215,83.9934683668844,267.954216368194,571.997330980824,570.292875829504,571.571476697225,567.909883668744,472.676183724384
20192.047,26.1606572814007,26.1219877561976,40.7794035124215,83.9934683668844,267.954216368194,571.997330980824,570.292875829504,571.571476697225,567.909883668744,472.676183724384
20193.047,26.1606572814007,26.1219877561976,40.7794035124215,83.9934683668844,267.954216368194,571.997330980824,570.292875829504,571.571476697225,567.909883668744,472.676183724384
20194.047,26.1606572814007,26.1219877561976,40.7794035124215,83.9934683668844,267.954216368194,571.997330980824,570.292875829504,571.571476697225,567.909883668744,472.676183724384
20195.047,26.1606572814007,26.1219877561976,40.7794035124215,83.9934683668844,267.954216368194,571.997330980824,570.292875829504,571.571476697225,567.909883668744,472.676183724384
20196.047,26.1703188111532,26.1219878492225,40.7794042394133,84.0149210420023,268.063514478984,572.107465905318,570.406082298834,571.688884471657,567.954909600306,472.817450715788
20197.047,26.1703188111532,26.1219878492225,40.7794042394133,84.0149210420023,268.063514478984,572.107465905318,570.406082298834,571.688884471657,567.954909600306,472.817450715788
20198.047,26.1703188111532,26.1219878492225,40.7794042394133,84.0149210420023,268.063514478984,572.107465905318,570.406082298834,571.688884471657,567.954909600306,472.817450715788
20199.047,26.1703188111532,26.1219878492225,40.7794042394133,84.0149210420023,268.063514478984,572.107465905318,570.406082298834,571.688884471657,567.954909600306,472.817450715788
20200.047,26.1703188111532,26.1219878492225,40.7794042394133,84.0149210420023,268.063514478984,572.107465905318,570.406082298834,571.688884471657,567.954909600306,472.817450715788
20201.047,26.1800395154434,26.1219879330041,40.7794049051833,84.0364753837865,268.172911191676,572.217189525284,570.519830128253,571.806853698115,567.999715880012,472.958847117328
20202.047,26.1800395154434,26.1219879330041,40.7794049051833,84.0364753837865,268.172911191676,572.217189525284,570.519830128253,571.806853698115,567.999715880012,472.958847117328
20203.047,26.1800395154434,26.1219879330041,40.7794049051833,84.0364753837865,268.172911191676,572.217189525284,570.519830128253,571.806853698115,567.999715880012,472.958847117328
20204.047,26.1800395154434,26.1219879330041,40.7794049051833,84.0364753837865,268.172911191676,572.217189525284,570.519830128253,571.806853698115,567.999715880012,472.958847117328
20205.047,26.1800395154434,26.1219879330041,40.7794049051833,84.0364753837865,268.172911191676,572.217189525284,570.519830128253,571.806853698115,567.999715880012,472.958847117328
20206.047,26.1898197268604,26.1219880084611,40.779405514887,84.0581318740467,268.282406452873,572.326499966238,570.634121877715,571.925387031547,568.044303704082,473.100373033352
20207.047,26.1898197268604,26.1219880084611,40.779405514887,84.0581318740467,268.282406452873,572.326499966238,570.634121877715,571.925387031547,568.044303704082,473.100373033352
20208.047,26.1898197268604,26.1219880084611,40.779405514887,84.0581318740467,268.282406452873,572.326499966238,570.634121877715,571.925387031547,568.044303704082,473.100373033352
20209.047,26.1898197268604,26.1219880084611,40.779405514887,84.0581318740467,268.282406452873,572.326499966238,570.634121877715,571.925387031547,568.044303704082,473.100373033352
20210.047,26.1898197268604,26.1219880084611,40.779405514887,84.0581318740467,268.282406452873,572.326499966238,570.634121877715,571.925387031547,568.044303704082,473.100373033352
20211.047,26.19965977999,26.1219880764204,40.7794060732459,84.0798909968762,268.392000210686,572.435395470433,570.748960119655,572.044487139851,568.088674259167,473.242028568462
20212.047,26.19965977999,26.1219880764204,40.7794060732459,84.0798909968762,268.392000210686,572.435395470433,570.748960119655,572.044487139851,568.088674259167,473.242028568462
20213.047,26.1996597799899,26.1219880764204,40.7794060732459,84.0798909968762,268.392000210686,572.435395470433,570.748960119655,572.044487139851,568.088674259167,473.242028568462
20214.047,26.1996597799899,26.1219880764204,40.7794060732459,84.0798909968762,268.392000210686,572.435395470433,570.748960119655,572.044487139851,568.088674259167,473.242028568462
20215.047,26.1996597799899,26.1219880764204,40.7794060732459,84.0798909968762,268.392000210686,572.435395470433,570.748960119655,572.044487139851,568.088674259167,473.242028568462
20216.047,26.2095600114262,26.1219881376272,40.7794065845839,84.1017532386625,268.501692414716,572.54387439336,570.864347439052,572.164156703927,568.132828722496,473.38381382752
20217.047,26.2095600114262,26.1219881376272,40.7794065845839,84.1017532386625,268.501692414716,572.54387439336,570.864347439052,572.164156703927,568.132828722496,473.38381382752
20218.047,26.2095600114262,26.1219881376272,40.7794065845839,84.1017532386625,268.501692414716,572.54387439336,570.864347439052,572.164156703927,568.132828722496,473.38381382752
20219.047,26.2095600114262,26.1219881376272,40.7794065845839,84.1017532386625,268.501692414716,572.54387439336,570.864347439052,572.164156703927,568.132828722496,473.38381382752
20220.047,26.2095600114262,26.1219881376272,40.7794065845839,84.1017532386625,268.501692414716,572.54387439336,570.864347439052,572.164156703927,568.132828722496,473.38381382752
20221.047,26.2195207597827,26.1219881927523,40.7794070528608,84.1237190880979,268.611483016035,572.651935200344,570.980286433476,572.284398417739,568.176768262014,473.525728915636
20222.047,26.2195207597827,26.1219881927523,40.7794070528608,84.1237190880979,268.611483016035,572.651935200344,570.980286433476,572.284398417739,568.176768262014,473.525728915636
20223.047,26.2195207597827,26.1219881927523,40.7794070528608,84.1237190880979,268.611483016035,572.651935200344,570.980286433476,572.284398417739,568.176768262014,473.525728915636
20224.047,26.2195207597827,26.1219881927523,40.7794070528608,84.1237190880979,268.611483016035,572.651935200344,570.980286433476,572.284398417739,568.176768262014,473.525728915636
20225.047,26.2195207597827,26.1219881927523,40.7794070528608,84.1237190880979,268.611483016035,572.651935200344,570.980286433476,572.284398417739,568.176768262014,473.525728915636
20226.047,26.2295423657044,26.1219882424,40.7794074817029,84.145789036191,268.721371967173,572.759576463237,571.096779713152,572.405214988375,568.220494036521,473.667773938175
20227.047,26.2295423657044,26.1219882424,40.7794074817029,84.145789036191,268.721371967173,572.759576463237,571.096779713152,572.405214988375,568.220494036521,473.667773938175
20228.047,26.2295423657044,26.1219882424,40.7794074817029,84.145789036191,268.721371967173,572.759576463237,571.096779713152,572.405214988375,568.220494036521,473.667773938175
20229.047,26.2295423657044,26.1219882424,40.7794074817029,84.145789036191,268.721371967173,572.759576463237,571.096779713152,572.405214988375,568.220494036521,473.667773938175
20230.047,26.2295423657044,26.1219882424,40.7794074817029,84.145789036191,268.721371967173,572.759576463237,571.096779713152,572.405214988375,568.220494036521,473.667773938175
20231.047,26.2396251718789,26.1219882871147,40.779407874431,84.1679635762771,268.831359222099,572.866796857203,571.213829901014,572.526609136102,568.264007195803,473.809949000748
20232.047,26.2396251718789,26.1219882871147,40.779407874431,84.1679635762771,268.831359222099,572.866796857203,571.213829901014,572.526609136102,568.264007195803,473.809949000748
20233.047,26.2396251718789,26.1219882871147,40.779407874431,84.1679635762771,268.831359222099,572.866796857203,571.213829901014,572.526609136102,568.264007195803,473.809949000748
20234.047,26.2396251718789,26.1219882871147,40.779407874431,84.1679635762771,268.831359222099,572.866796857203,571.213829901014,572.526609136102,568.264007195803,473.809949000748
20235.047,26.2396251718789,26.1219882871147,40.779407874431,84.1679635762771,268.831359222099,572.866796857203,571.213829901014,572.526609136102,568.264007195803,473.809949000748
20236.047,26.2497695230483,26.1219883273863,40.7794082340864,84.1902432040295,268.941444736206,572.973595157585,571.331439632761,572.648583594426,568.307308880766,473.952254209216
20237.047,26.2497695230483,26.1219883273863,40.7794082340864,84.1902432040295,268.941444736206,572.973595157585,571.331439632761,572.648583594426,568.307308880766,473.952254209216
20238.047,26.2497695230483,26.1219883273863,40.7794082340864,84.1902432040295,268.941444736206,572.973595157585,571.331439632761,572.648583594426,568.307308880766,473.952254209216
20239.047,26.2497695230483,26.1219883273863,40.7794082340864,84.1902432040295,268.941444736206,572.973595157585,571.331439632761,572.648583594426,568.307308880766,473.952254209216
20240.047,26.2497695230483,26.1219883273863,40.7794082340864,84.1902432040295,268.941444736206,572.973595157585,571.331439632761,572.648583594426,568.307308880766,473.952254209216
20241.047,26.2599757660208,26.1219883636565,40.7794085634543,84.2126284174707,269.051628466295,573.079970236867,571.449611556915,572.771141110156,568.350400223565,474.094689669686
20242.047,26.2599757660208,26.1219883636565,40.7794085634543,84.2126284174707,269.051628466295,573.079970236867,571.449611556915,572.771141110156,568.350400223565,474.094689669686
20243.047,26.2599757660208,26.1219883636565,40.7794085634543,84.2126284174707,269.051628466295,573.079970236867,571.449611556915,572.771141110156,568.350400223565,474.094689669686
20244.047,26.2599757660208,26.1219883636565,40.7794085634543,84.2126284174707,269.051628466295,573.079970236867,571.449611556915,572.771141110156,568.350400223565,474.094689669686
20245.047,26.2599757660208,26.1219883636565,40.7794085634543,84.2126284174707,269.051628466295,573.079970236867,571.449611556915,572.771141110156,568.350400223565,474.094689669686
20246.047,26.2702442496826,26.1219883963228,40.7794088650853,84.2351197169832,269.161910370559,573.185921061716,571.568348334882,572.894284443456,568.393282347726,474.23725548851
20247.047,26.2702442496826,26.1219883963228,40.7794088650853,84.2351197169832,269.161910370559,573.185921061716,571.568348334882,572.894284443456,568.393282347726,474.23725548851
20248.047,26.2702442496826,26.1219883963228,40.7794088650853,84.2351197169832,269.161910370559,573.185921061716,571.568348334882,572.894284443455,568.393282347726,474.23725548851
20249.047,26.2702442496826,26.1219883963228,40.7794088650853,84.2351197169832,269.161910370559,573.185921061716,571.568348334882,572.894284443455,568.393282347726,474.23725548851
20250.047,26.2702442496826,26.1219883963228,40.7794088650853,84.2351197169832,269.161910370559,573.185921061716,571.568348334882,572.894284443455,568.393282347726,474.23725548851
20251.047,26.2805753250099,26.1219884257433,40.7794091413151,84.2577176053209,269.272290408567,573.291446690105,571.687652641004,573.018016367913,568.435956368275,474.379951772282
20252.047,26.2805753250099,26.1219884257433,40.7794091413151,84.2577176053209,269.272290408567,573.291446690105,571.687652641004,573.018016367913,568.435956368275,474.379951772282
20253.047,26.2805753250099,26.1219884257433,40.7794091413151,84.2577176053209,269.272290408567,573.291446690105,571.687652641004,573.018016367913,568.435956368275,474.379951772282
20254.047,26.2805753250099,26.1219884257433,40.7794091413151,84.2577176053209,269.272290408567,573.291446690105,571.687652641004,573.018016367913,568.435956368275,474.379951772282
20255.047,26.2805753250099,26.1219884257433,40.7794091413151,84.2577176053209,269.272290408567,573.291446690105,571.687652641004,573.018016367913,568.435956368275,474.379951772282
20256.047,26.2909693450806,26.1219884522405,40.7794093942829,84.2804225876205,269.382768541249,573.396546268517,571.807527162624,573.142339670593,568.478423391852,474.522778627838
20257.047,26.2909693450806,26.1219884522405,40.7794093942829,84.2804225876205,269.382768541249,573.396546268517,571.807527162624,573.142339670593,568.478423391852,474.522778627838
20258.047,26.2909693450806,26.1219884522405,40.7794093942829,84.2804225876205,269.382768541249,573.396546268517,571.807527162624,573.142339670593,568.478423391852,474.522778627838
20259.047,26.2909693450806,26.1219884522405,40.7794093942829,84.2804225876205,269.382768541249,573.396546268517,571.807527162624,573.142339670593,568.478423391852,474.522778627838
20260.047,26.2909693450806,26.1219884522405,40.7794093942829,84.2804225876205,269.382768541249,573.396546268517,571.807527162624,573.142339670593,568.478423391852,474.522778627838
20261.047,26.3014266650864,26.1219884761049,40.7794096259476,84.3032351714124,269.49334473088,573.501219029227,571.927974600139,573.267257152105,568.520684516833,474.665736162255
20262.047,26.3014266650864,26.1219884761049,40.7794096259476,84.3032351714124,269.49334473088,573.501219029227,571.927974600139,573.267257152105,568.520684516833,474.665736162255
20263.047,26.3014266650864,26.1219884761049,40.7794096259476,84.3032351714124,269.49334473088,573.501219029227,571.927974600139,573.267257152105,568.520684516833,474.665736162255
20264.047,26.3014266650864,26.1219884761049,40.7794096259476,84.3032351714124,269.49334473088,573.501219029227,571.927974600139,573.267257152105,568.520684516833,474.665736162255
20265.047,26.3014266650864,26.1219884761049,40.7794096259476,84.3032351714124,269.49334473088,573.501219029227,571.927974600139,573.267257152105,568.520684516833,474.665736162255
20266.047,26.311947642345,26.121988497598,40.7794098381031,84.3261558666323,269.604018941067,573.605464287661,572.048997667063,573.392771626657,568.562740833442,474.808824482845
20267.047,26.311947642345,26.121988497598,40.7794098381031,84.3261558666323,269.604018941067,573.605464287661,572.048997667063,573.392771626657,568.562740833442,474.808824482845
20268.047,26.311947642345,26.121988497598,40.7794098381031,84.3261558666323,269.604018941067,573.605464287661,572.048997667063,573.392771626657,568.562740833442,474.808824482845
20269.047,26.311947642345,26.121988497598,40.7794098381031,84.3261558666323,269.604018941067,573.605464287661,572.048997667063,573.392771626657,568.562740833442,474.808824482845
20270.047,26.311947642345,26.121988497598,40.7794098381031,84.3261558666323,269.604018941067,573.605464287661,572.048997667063,573.392771626657,568.562740833442,474.808824482845
20271.047,26.3225326363121,26.1219885169556,40.7794100323925,84.3491851856325,269.714791136731,573.709281439821,572.170599090084,573.518885922125,568.604593423866,474.952043697162
20272.047,26.3225326363121,26.1219885169556,40.7794100323925,84.3491851856325,269.714791136731,573.709281439821,572.170599090084,573.518885922125,568.604593423866,474.952043697162
20273.047,26.3225326363121,26.1219885169556,40.7794100323925,84.3491851856325,269.714791136731,573.709281439821,572.170599090084,573.518885922125,568.604593423866,474.952043697162
20274.047,26.3225326363121,26.1219885169556,40.7794100323925,84.3491851856325,269.714791136731,573.709281439821,572.170599090084,573.518885922125,568.604593423866,474.952043697162
20275.047,26.3225326363121,26.1219885169556,40.7794100323925,84.3491851856325,269.714791136731,573.709281439821,572.170599090084,573.518885922125,568.604593423866,474.952043697162
20276.047,26.3331820085937,26.1219885343897,40.7794102103203,84.3723236431936,269.825661284096,573.812669959788,572.292781609127,573.645602880108,568.646243362367,475.09539391299
20277.047,26.3331820085937,26.1219885343897,40.7794102103203,84.3723236431936,269.825661284096,573.812669959788,572.292781609127,573.645602880108,568.646243362367,475.09539391299
20278.047,26.3331820085937,26.1219885343897,40.7794102103203,84.3723236431936,269.825661284096,573.812669959788,572.292781609127,573.645602880108,568.646243362367,475.09539391299
20279.047,26.3331820085937,26.1219885343897,40.7794102103203,84.3723236431936,269.825661284096,573.812669959788,572.292781609127,573.645602880108,568.646243362367,475.09539391299
20280.047,26.3331820085937,26.1219885343897,40.7794102103203,84.3723236431936,269.825661284096,573.812669959788,572.292781609127,573.645602880108,568.646243362367,475.09539391299
20281.047,26.3438961229586,26.1219885500916,40.7794103732643,84.3955717565354,269.936629350672,573.915629397296,572.415547977409,573.772925355994,568.687691715385,475.238875238352
20282.047,26.3438961229586,26.1219885500916,40.7794103732643,84.3955717565354,269.936629350672,573.915629397296,572.415547977409,573.772925355994,568.687691715385,475.238875238352
20283.047,26.3438961229586,26.1219885500916,40.7794103732643,84.3955717565354,269.936629350672,573.915629397296,572.415547977409,573.772925355994,568.687691715385,475.238875238352
20284.047,26.3438961229586,26.1219885500916,40.7794103732643,84.3955717565354,269.936629350672,573.915629397296,572.415547977409,573.772925355994,568.687691715385,475.238875238352
20285.047,26.3438961229586,26.1219885500916,40.7794103732643,84.3955717565354,269.936629350672,573.915629397296,572.415547977409,573.772925355994,568.687691715385,475.238875238352
20286.047,26.3546753453503,26.1219885642332,40.7794105224863,84.4189300453293,270.047695305239,574.018159375367,572.538900961502,573.900856219022,568.728939541647,475.382487781499
20287.047,26.3546753453503,26.1219885642332,40.7794105224863,84.4189300453293,270.047695305239,574.018159375367,572.538900961502,573.900856219022,568.728939541647,475.382487781499
20288.047,26.3546753453503,26.1219885642332,40.7794105224863,84.4189300453293,270.047695305239,574.018159375367,572.538900961502,573.900856219022,568.728939541647,475.382487781499
